* Measurement data measured by REW V5.20 Beta 9
* Source: In 1-2 (MOTU M Series), LINE_IN (Master Volume), L, volume: 0.250
* Format: 256k Log Swept Sine, 1 sweep at -12.0 dBFS  With no timing reference
* Dated: Oct 31, 2022 7:32:46 AM
* REW Settings:
*  C-weighting compensation: Off
*  Target level: 75.0 dB
* Note: ; 
* Measurement: Softears Twilight L
* Smoothing: 1/24 octave
* Frequency Step: 1/48 octave
* Start Frequency: 10.1 Hz
*
* Freq(Hz)	SPL(dB)	Phase(degrees)
10.145	47.110	-96.175
10.293	47.176	-96.677
10.443	47.246	-97.528
10.595	47.394	-98.904
10.749	47.565	-100.483
10.905	47.726	-101.919
11.064	47.888	-103.334
11.225	48.047	-104.722
11.388	48.203	-106.103
11.554	48.358	-107.557
11.722	48.510	-109.066
11.892	48.656	-110.600
12.065	48.796	-112.155
12.241	48.928	-113.690
12.419	49.053	-115.207
12.599	49.173	-116.688
12.782	49.289	-118.135
12.968	49.405	-119.541
13.157	49.521	-120.921
13.348	49.641	-122.279
13.543	49.763	-123.640
13.740	49.887	-125.011
13.939	50.009	-126.406
14.142	50.128	-127.818
14.348	50.240	-129.245
14.557	50.345	-130.663
14.768	50.443	-132.060
14.983	50.536	-133.410
15.201	50.629	-134.713
15.422	50.723	-135.962
15.646	50.822	-137.180
15.874	50.927	-138.388
16.105	51.036	-139.609
16.339	51.148	-140.873
16.577	51.256	-142.181
16.818	51.359	-143.531
17.063	51.452	-144.898
17.311	51.534	-146.246
17.563	51.608	-147.548
17.818	51.676	-148.781
18.077	51.745	-149.940
18.340	51.818	-151.046
18.607	51.898	-152.124
18.877	51.986	-153.207
19.152	52.078	-154.323
19.431	52.169	-155.480
19.713	52.253	-156.638
20.000	52.323	-157.718
20.291	52.373	-158.638
20.586	52.404	-159.352
20.885	52.423	-159.887
21.189	52.442	-160.322
21.497	52.465	-160.722
21.810	52.495	-161.112
22.127	52.528	-161.493
22.449	52.563	-161.864
22.776	52.599	-162.222
23.107	52.635	-162.571
23.443	52.668	-162.910
23.784	52.699	-163.239
24.130	52.726	-163.559
24.481	52.748	-163.868
24.837	52.767	-164.168
25.198	52.781	-164.457
25.565	52.793	-164.735
25.937	52.802	-165.001
26.314	52.813	-165.261
26.697	52.827	-165.535
27.085	52.841	-165.847
27.479	52.853	-166.204
27.879	52.858	-166.585
28.284	52.854	-166.938
28.696	52.849	-167.218
29.113	52.851	-167.423
29.537	52.869	-167.602
29.966	52.901	-167.832
30.402	52.937	-168.152
30.844	52.966	-168.544
31.293	52.985	-168.948
31.748	52.995	-169.322
32.210	53.002	-169.658
32.678	53.008	-169.972
33.154	53.010	-170.268
33.636	53.008	-170.534
34.125	53.007	-170.763
34.621	53.009	-170.969
35.125	53.014	-171.181
35.636	53.020	-171.412
36.154	53.025	-171.655
36.680	53.029	-171.901
37.214	53.033	-172.149
37.755	53.038	-172.405
38.304	53.043	-172.675
38.861	53.046	-172.948
39.427	53.047	-173.212
40.000	53.051	-173.464
40.582	53.057	-173.721
41.172	53.062	-173.988
41.771	53.065	-174.244
42.379	53.071	-174.473
42.995	53.081	-174.703
43.620	53.093	-174.969
44.255	53.096	-175.244
44.898	53.093	-175.476
45.552	53.091	-175.666
46.214	53.087	-175.836
46.886	53.082	-175.965
47.568	53.087	-176.062
48.260	53.105	-176.244
48.962	53.118	-176.589
49.674	53.109	-176.988
50.397	53.089	-177.318
51.130	53.075	-177.601
51.874	53.065	-177.891
52.628	53.057	-178.161
53.394	53.052	-178.389
54.170	53.053	-178.598
54.958	53.054	-178.797
55.758	53.055	-178.984
56.569	53.051	-179.161
57.391	53.043	-179.330
58.226	53.031	-179.497
59.073	53.016	-179.641
59.932	53.010	-179.763
60.804	53.018	-179.952
61.688	53.028	179.738
62.586	53.030	179.384
63.496	53.029	179.067
64.420	53.027	178.788
65.357	53.022	178.549
66.307	53.013	178.380
67.272	53.007	178.244
68.250	52.996	178.098
69.243	52.979	177.963
70.250	52.963	177.828
71.272	52.947	177.670
72.309	52.936	177.489
73.360	52.930	177.260
74.427	52.925	177.020
75.510	52.927	176.790
76.608	52.935	176.521
77.723	52.941	176.217
78.853	52.938	175.914
80.000	52.926	175.647
81.164	52.907	175.432
82.344	52.886	175.253
83.542	52.860	175.107
84.757	52.833	175.003
85.990	52.809	174.918
87.241	52.787	174.840
88.510	52.772	174.761
89.797	52.773	174.585
91.103	52.773	174.217
92.428	52.760	173.807
93.773	52.746	173.473
95.137	52.739	173.231
96.520	52.738	173.054
97.924	52.737	172.885
99.349	52.722	172.705
100.794	52.695	172.514
102.260	52.661	172.300
103.747	52.630	172.065
105.256	52.604	171.859
106.787	52.588	171.733
108.340	52.580	171.677
109.916	52.575	171.606
111.515	52.562	171.397
113.137	52.530	171.035
114.783	52.486	170.671
116.452	52.460	170.499
118.146	52.483	170.393
119.865	52.502	170.044
121.608	52.440	169.741
123.377	52.354	169.844
125.171	52.321	169.995
126.992	52.321	169.805
128.839	52.295	169.454
130.713	52.244	169.344
132.615	52.222	169.395
134.543	52.219	169.146
136.500	52.186	168.786
138.486	52.148	168.570
140.500	52.123	168.521
142.544	52.113	168.378
144.617	52.086	168.206
146.721	52.063	168.022
148.855	52.026	167.915
151.020	52.007	167.850
153.217	51.981	167.689
155.445	51.962	167.610
157.706	51.959	167.509
160.000	51.955	167.411
162.327	51.965	167.344
164.688	51.992	167.194
167.084	52.019	166.985
169.514	52.033	166.777
171.980	52.021	166.559
174.481	51.971	166.362
177.019	51.893	166.268
179.594	51.809	166.284
182.206	51.737	166.342
184.856	51.679	166.368
187.545	51.629	166.328
190.273	51.581	166.248
193.041	51.536	166.157
195.849	51.491	166.037
198.697	51.443	165.882
201.587	51.395	165.725
204.520	51.351	165.594
207.494	51.310	165.484
210.512	51.273	165.391
213.574	51.238	165.315
216.681	51.203	165.243
219.833	51.170	165.158
223.030	51.137	165.080
226.274	51.101	165.022
229.565	51.067	164.950
232.905	51.038	164.861
236.292	51.012	164.817
239.729	50.979	164.807
243.216	50.940	164.788
246.754	50.902	164.763
250.343	50.867	164.755
253.984	50.832	164.748
257.678	50.791	164.707
261.426	50.749	164.639
265.229	50.706	164.566
269.087	50.657	164.512
273.001	50.607	164.445
276.972	50.560	164.441
281.000	50.501	164.431
285.088	50.459	164.281
289.234	50.443	164.277
293.441	50.414	164.456
297.710	50.360	164.709
302.040	50.294	164.635
306.433	50.279	164.606
310.890	50.245	164.714
315.412	50.186	164.859
320.000	50.166	165.191
324.655	50.126	165.607
329.377	50.080	166.286
334.168	50.047	166.957
339.028	50.014	167.510
343.959	49.974	168.068
348.962	49.933	168.621
354.038	49.887	169.176
359.188	49.836	169.766
364.412	49.789	170.409
369.713	49.747	171.070
375.090	49.707	171.706
380.546	49.662	172.289
386.081	49.617	172.829
391.697	49.580	173.410
397.395	49.543	174.136
403.175	49.479	174.923
409.039	49.402	175.573
414.989	49.347	176.187
421.025	49.300	176.883
427.149	49.254	177.559
433.362	49.209	178.268
439.665	49.159	178.987
446.060	49.120	179.660
452.548	49.069	-179.609
459.131	49.018	-178.793
465.809	48.974	-178.014
472.584	48.936	-177.285
479.458	48.899	-176.551
486.432	48.850	-175.812
493.507	48.786	-175.058
500.686	48.735	-174.352
507.968	48.694	-173.614
515.357	48.646	-172.829
522.853	48.592	-172.009
530.458	48.541	-171.199
538.174	48.488	-170.422
546.002	48.439	-169.652
553.943	48.383	-168.859
562.001	48.322	-167.999
570.175	48.268	-167.173
578.469	48.211	-166.346
586.883	48.146	-165.470
595.419	48.076	-164.523
604.080	48.011	-163.525
612.866	47.944	-162.501
621.780	47.864	-161.389
630.824	47.780	-160.243
640.000	47.704	-159.202
649.309	47.641	-158.243
658.753	47.590	-157.179
668.335	47.547	-155.926
678.056	47.504	-154.581
687.919	47.460	-153.282
697.925	47.425	-152.028
708.076	47.394	-150.767
718.376	47.359	-149.456
728.825	47.324	-148.130
739.426	47.292	-146.822
750.181	47.262	-145.502
761.093	47.236	-144.129
772.163	47.213	-142.750
783.394	47.191	-141.371
794.789	47.171	-139.960
806.349	47.158	-138.515
818.078	47.153	-137.051
829.977	47.154	-135.575
842.050	47.156	-134.080
854.297	47.161	-132.587
866.724	47.173	-131.098
879.330	47.191	-129.591
892.120	47.216	-128.060
905.097	47.249	-126.532
918.262	47.286	-125.009
931.618	47.329	-123.474
945.169	47.379	-121.939
958.917	47.435	-120.428
972.864	47.494	-118.940
987.015	47.555	-117.472
1001.371	47.622	-116.019
1015.937	47.696	-114.604
1030.714	47.776	-113.230
1045.706	47.862	-111.886
1060.916	47.950	-110.573
1076.347	48.035	-109.298
1092.003	48.123	-108.062
1107.887	48.219	-106.868
1124.001	48.320	-105.718
1140.350	48.421	-104.607
1156.937	48.521	-103.534
1173.765	48.621	-102.497
1190.838	48.720	-101.494
1208.159	48.816	-100.518
1225.732	48.907	-99.566
1243.561	48.995	-98.629
1261.649	49.081	-97.710
1280.000	49.164	-96.813
1298.618	49.245	-95.924
1317.507	49.323	-95.037
1336.670	49.401	-94.153
1356.113	49.485	-93.274
1375.838	49.572	-92.391
1395.850	49.658	-91.505
1416.153	49.742	-90.617
1436.751	49.825	-89.721
1457.649	49.908	-88.814
1478.851	49.992	-87.897
1500.362	50.077	-86.977
1522.185	50.164	-86.051
1544.326	50.255	-85.120
1566.789	50.349	-84.178
1589.578	50.447	-83.230
1612.699	50.547	-82.279
1636.156	50.650	-81.331
1659.955	50.756	-80.383
1684.099	50.864	-79.434
1708.595	50.974	-78.485
1733.447	51.086	-77.541
1758.661	51.200	-76.607
1784.241	51.318	-75.679
1810.193	51.439	-74.761
1836.523	51.563	-73.856
1863.236	51.689	-72.964
1890.338	51.819	-72.084
1917.833	51.952	-71.222
1945.729	52.089	-70.378
1974.030	52.231	-69.558
2002.743	52.378	-68.764
2031.873	52.529	-68.000
2061.428	52.683	-67.270
2091.412	52.840	-66.575
2121.832	53.001	-65.917
2152.695	53.165	-65.304
2184.007	53.332	-64.737
2215.774	53.500	-64.219
2248.003	53.670	-63.755
2280.701	53.840	-63.347
2313.874	54.011	-62.997
2347.530	54.181	-62.708
2381.676	54.348	-62.482
2416.318	54.515	-62.317
2451.464	54.679	-62.216
2487.122	54.842	-62.183
2523.298	54.999	-62.214
2560.000	55.149	-62.305
2597.236	55.292	-62.450
2635.014	55.425	-62.642
2673.341	55.549	-62.877
2712.226	55.663	-63.148
2751.676	55.766	-63.448
2791.700	55.858	-63.769
2832.306	55.940	-64.095
2873.503	56.014	-64.422
2915.299	56.081	-64.759
2957.703	56.143	-65.124
3000.724	56.195	-65.531
3044.370	56.233	-65.967
3088.652	56.254	-66.413
3133.577	56.257	-66.847
3179.156	56.245	-67.243
3225.398	56.219	-67.584
3272.312	56.183	-67.857
3319.909	56.138	-68.059
3368.198	56.087	-68.191
3417.190	56.030	-68.265
3466.894	55.962	-68.295
3517.321	55.885	-68.289
3568.482	55.804	-68.246
3620.387	55.718	-68.160
3673.046	55.631	-68.022
3726.472	55.543	-67.836
3780.675	55.454	-67.604
3835.666	55.369	-67.329
3891.457	55.287	-67.009
3948.060	55.210	-66.646
4005.486	55.136	-66.244
4063.747	55.065	-65.801
4122.855	54.998	-65.311
4182.824	54.941	-64.789
4243.664	54.896	-64.273
4305.390	54.863	-63.801
4368.013	54.841	-63.398
4431.547	54.825	-63.083
4496.005	54.805	-62.861
4561.401	54.777	-62.723
4627.749	54.732	-62.650
4695.061	54.668	-62.598
4763.352	54.582	-62.519
4832.637	54.472	-62.379
4902.929	54.338	-62.142
4974.244	54.186	-61.771
5046.596	54.026	-61.245
5120.000	53.867	-60.567
5194.472	53.715	-59.729
5270.027	53.585	-58.761
5346.682	53.483	-57.774
5424.451	53.403	-56.852
5503.352	53.336	-56.026
5583.399	53.273	-55.331
5664.612	53.203	-54.748
5747.006	53.118	-54.246
5830.598	53.010	-53.767
5915.406	52.879	-53.214
6001.447	52.731	-52.518
6088.740	52.582	-51.639
6177.303	52.445	-50.576
6267.154	52.325	-49.327
6358.312	52.228	-47.892
6450.796	52.163	-46.303
6544.625	52.141	-44.648
6639.818	52.157	-42.998
6736.397	52.210	-41.376
6834.380	52.302	-39.805
6933.789	52.437	-38.322
7034.643	52.622	-37.012
7136.964	52.861	-35.984
7240.773	53.152	-35.372
7346.093	53.481	-35.315
7452.944	53.830	-35.910
7561.350	54.180	-37.239
7671.332	54.499	-39.385
7782.915	54.748	-42.376
7896.120	54.890	-46.136
8010.971	54.894	-50.442
8127.493	54.751	-54.983
8245.711	54.469	-59.537
8365.647	54.057	-63.980
8487.328	53.512	-68.203
8610.779	52.830	-71.986
8736.026	52.025	-75.063
8863.095	51.126	-77.231
8992.011	50.179	-78.449
9122.803	49.219	-78.787
9255.497	48.271	-78.333
9390.121	47.358	-77.182
9526.704	46.498	-75.454
9665.273	45.707	-73.290
9805.857	44.991	-70.819
9948.487	44.346	-68.109
10093.191	43.763	-65.185
10240.000	43.240	-62.084
10388.944	42.780	-58.865
10540.055	42.382	-55.573
10693.363	42.048	-52.261
10848.902	41.784	-48.970
11006.703	41.592	-45.762
11166.799	41.470	-42.700
11329.224	41.414	-39.827
11494.012	41.422	-37.190
11661.195	41.501	-34.833
11830.812	41.657	-32.883
12002.895	41.881	-31.543
12177.480	42.134	-30.976
12354.606	42.373	-31.285
12534.309	42.575	-32.518
12716.624	42.725	-34.683
12901.592	42.791	-37.699
13089.250	42.743	-41.313
13279.637	42.573	-45.183
13472.794	42.294	-49.009
13668.760	41.926	-52.573
13867.577	41.499	-55.708
14069.285	41.075	-58.446
14273.928	40.711	-60.958
14481.547	40.456	-63.411
14692.186	40.370	-66.054
14905.889	40.528	-69.438
15122.700	40.982	-74.510
15342.664	41.711	-82.729
15565.829	42.488	-95.809
15792.239	42.875	-114.391
16021.942	42.467	-136.304
16254.986	41.140	-157.113
16491.422	39.102	-173.600
16731.295	36.747	174.384
16974.656	34.428	165.349
17221.559	32.344	157.807
17472.053	30.580	150.719
17726.189	29.132	143.367
17984.021	27.938	135.190
18245.605	26.936	125.720
18510.994	26.079	114.501
18780.242	25.334	100.653
19053.408	24.655	80.509
19330.547	23.978	41.354
19611.715	23.315	-28.800
19896.975	22.865	-94.620
