* Measurement data measured by REW V5.20.5
* Source: Microphone (USB Sound Device        ), MICROPHONE (Master Volume), L, volume: 0.560
* Format: 256k Log Swept Sine, 1 sweep at 6.0- dBFS with no timing reference
* Dated: 24/04/2023 07:16:50 Õ
* REW Settings:
*  C-weighting compensation: Off
*  Target level: 75.0 dB
* Note: ; 
* Measurement: AFUL PER5 MOON TIP R
* Smoothing: None
* Frequency Step: 1/48 octave
* Start Frequency: 20.000 Hz
*
* Freq(Hz)	SPL(dB)	Phase(degrees)
20.000000	90.994	179.4585
20.299999	90.958	179.0012
20.600000	90.924	178.6623
20.900000	90.897	178.3730
21.200001	90.876	178.0597
21.400000	90.858	177.8194
21.799999	90.815	177.2796
22.000000	90.789	176.9940
22.400000	90.728	176.4270
22.700001	90.681	176.0125
23.000000	90.636	175.5940
23.299999	90.592	175.1575
23.600000	90.548	174.7053
24.000000	90.490	174.1043
24.299999	90.448	173.6866
24.700001	90.398	173.2023
25.000000	90.370	172.8920
25.400000	90.348	172.5246
25.799999	90.345	172.1732
26.200001	90.358	171.8081
26.500000	90.375	171.5126
26.900000	90.400	171.0795
27.200001	90.417	170.7251
27.600000	90.434	170.2289
28.000000	90.442	169.7415
28.500000	90.440	169.1922
29.000000	90.436	168.6976
29.500000	90.432	168.1860
30.000000	90.419	167.6075
30.400000	90.399	167.1147
30.700001	90.377	166.7486
31.100000	90.344	166.2804
31.500000	90.309	165.8275
32.000000	90.268	165.2480
32.500000	90.226	164.6298
33.000000	90.180	163.9954
33.500000	90.134	163.3860
34.000000	90.092	162.8169
34.500000	90.053	162.2693
35.000000	90.017	161.7265
35.500000	89.981	161.1950
36.000000	89.944	160.6888
36.500000	89.907	160.2074
37.000000	89.867	159.7443
37.500000	89.823	159.3067
38.200001	89.757	158.7579
38.700001	89.711	158.3970
39.500000	89.640	157.8094
40.000000	89.596	157.4289
40.599998	89.541	156.9623
41.200001	89.484	156.4868
41.799999	89.424	156.0307
42.500000	89.361	155.5439
43.099998	89.315	155.1162
43.700001	89.263	154.6693
44.400002	89.196	154.2240
45.000000	89.148	153.9220
45.500000	89.118	153.6399
46.200001	89.070	153.1407
46.799999	89.012	152.7184
47.500000	88.940	152.3503
48.200001	88.883	152.0227
48.700001	88.846	151.7462
49.400002	88.787	151.3392
50.000000	88.733	151.0462
50.799999	88.675	150.6806
51.500000	88.626	150.2853
52.200001	88.567	149.9109
53.000000	88.509	149.5610
53.799999	88.454	149.1105
54.500000	88.384	148.7490
55.200001	88.326	148.5291
56.000000	88.278	148.1405
57.000000	88.167	147.7231
58.000000	88.123	147.6938
59.000000	88.088	146.8939
60.000000	87.936	146.4322
60.799999	87.874	146.3716
61.500000	87.828	146.0193
62.200001	87.745	145.6878
63.000000	87.665	145.5206
64.000000	87.594	145.1511
65.000000	87.508	144.7464
66.000000	87.431	144.4158
67.000000	87.359	144.0834
68.000000	87.285	143.7852
69.000000	87.208	143.4973
70.000000	87.127	143.2337
71.000000	87.048	142.9799
72.000000	86.967	142.6628
73.000000	86.876	142.3424
74.000000	86.784	142.1082
75.000000	86.711	141.8896
76.199997	86.620	141.5058
77.500000	86.510	141.2190
78.800003	86.406	140.9702
80.000000	86.312	140.7554
81.199997	86.212	140.5064
82.500000	86.096	140.3253
83.800003	85.992	140.1008
85.000000	85.876	139.9139
86.199997	85.779	139.7856
87.500000	85.658	139.5906
88.500000	85.570	139.5318
90.000000	85.441	139.4140
91.199997	85.323	139.3161
92.500000	85.183	139.4263
93.800003	85.057	139.5692
95.000000	84.928	139.7537
96.199997	84.799	140.0428
97.500000	84.653	140.4922
98.800003	84.516	141.2225
100.000000	84.411	142.0543
101.500000	84.301	143.4547
103.000000	84.291	145.1448
104.400002	84.368	146.6685
106.000000	84.573	148.0005
107.500000	84.853	148.5154
109.000000	85.105	148.0804
110.599998	85.320	147.0380
112.000000	85.430	145.8282
113.800003	85.461	144.2821
115.000000	85.473	143.3600
117.199997	85.403	141.8685
118.000000	85.375	141.3183
120.599998	85.233	140.0062
122.000000	85.158	139.3687
124.099998	85.034	138.6902
125.000000	84.989	138.4316
126.500000	84.911	138.0628
128.000000	84.827	137.6242
131.500000	84.623	136.9528
132.000000	84.601	136.8961
134.000000	84.508	136.5085
136.000000	84.404	136.2429
138.000000	84.316	135.9803
140.000000	84.230	135.8262
143.000000	84.095	135.5296
145.000000	84.006	135.3057
147.500000	83.904	135.1280
150.000000	83.811	134.9803
152.500000	83.701	134.8173
155.000000	83.591	134.6752
157.500000	83.485	134.5679
160.000000	83.375	134.4299
162.500000	83.275	134.3138
165.000000	83.181	134.2263
167.500000	83.086	134.1577
170.000000	82.978	134.1707
172.500000	82.903	134.0107
175.000000	82.828	133.9386
177.500000	82.745	133.8879
180.000000	82.667	133.8443
182.500000	82.594	133.8047
185.000000	82.532	133.7371
187.500000	82.463	133.6975
190.000000	82.396	133.7520
192.500000	82.330	133.7086
195.000000	82.263	133.6932
197.500000	82.218	133.6530
200.000000	82.163	133.6820
203.000000	82.095	133.6599
206.000000	82.022	133.7541
209.000000	81.965	133.7602
212.000000	81.919	133.7180
214.000000	81.882	133.7435
218.000000	81.801	133.7520
220.000000	81.761	133.7940
224.000000	81.692	133.7378
227.000000	81.641	133.7397
230.000000	81.597	133.7460
233.000000	81.549	133.7631
236.000000	81.495	133.6749
240.000000	81.436	133.6599
243.000000	81.390	133.6718
247.000000	81.329	133.6133
250.000000	81.278	133.5069
254.000000	81.212	133.5632
258.000000	81.158	133.6151
262.000000	81.106	133.5413
265.000000	81.057	133.5215
269.000000	81.012	133.4708
272.000000	80.968	133.5399
276.000000	80.912	133.5034
280.000000	80.868	133.4989
285.000000	80.797	133.5035
290.000000	80.742	133.4590
295.000000	80.694	133.5425
300.000000	80.638	133.5927
304.000000	80.592	133.4512
307.000000	80.565	133.5485
311.000000	80.516	133.5835
315.000000	80.486	133.6198
320.000000	80.438	133.6099
325.000000	80.400	133.6468
330.000000	80.357	133.5963
335.000000	80.315	133.6671
340.000000	80.274	133.7166
345.000000	80.240	133.7552
350.000000	80.209	133.8386
355.000000	80.189	133.9015
360.000000	80.159	133.9643
365.000000	80.125	134.0191
370.000000	80.103	134.1038
375.000000	80.083	134.3522
382.000000	80.070	134.4507
387.000000	80.074	134.6382
395.000000	80.073	134.8732
400.000000	80.095	135.0126
406.000000	80.118	134.9727
412.000000	80.161	134.8324
418.000000	80.173	134.7253
425.000000	80.185	134.4586
431.000000	80.175	134.2433
437.000000	80.186	134.0236
444.000000	80.178	133.8955
450.000000	80.167	133.7133
455.000000	80.169	133.5679
462.000000	80.161	133.5204
468.000000	80.160	133.4495
475.000000	80.152	133.2974
482.000000	80.159	133.2566
487.000000	80.148	133.1087
494.000000	80.165	132.9941
500.000000	80.151	132.9282
508.000000	80.158	132.8054
515.000000	80.157	132.6719
522.000000	80.184	132.5908
530.000000	80.177	132.4675
538.000000	80.200	132.3224
545.000000	80.205	132.2386
552.000000	80.208	132.1004
560.000000	80.215	132.0281
570.000000	80.220	131.8129
580.000000	80.243	131.7696
590.000000	80.263	131.6096
600.000000	80.274	131.4858
608.000000	80.312	131.3566
615.000000	80.297	131.2443
622.000000	80.315	131.1402
630.000000	80.336	130.9718
640.000000	80.355	130.8452
650.000000	80.355	130.6676
660.000000	80.385	130.5542
670.000000	80.411	130.3847
680.000000	80.424	130.3410
690.000000	80.447	130.1151
700.000000	80.476	129.9325
710.000000	80.496	129.8704
720.000000	80.506	129.8666
730.000000	80.531	129.6932
740.000000	80.561	129.6767
750.000000	80.588	129.6379
762.000000	80.614	129.5328
775.000000	80.661	129.3383
788.000000	80.701	129.3002
800.000000	80.737	129.2064
812.000000	80.789	129.1870
825.000000	80.836	129.0570
838.000000	80.892	128.9501
850.000000	80.926	128.7903
862.000000	80.979	128.7349
875.000000	81.042	128.6378
885.000000	81.088	128.5894
900.000000	81.174	128.4766
912.000000	81.228	128.3587
925.000000	81.287	128.3317
938.000000	81.352	128.1231
950.000000	81.405	128.0121
962.000000	81.478	127.9388
975.000000	81.565	127.7016
988.000000	81.635	127.5592
1000.000000	81.675	127.4042
1015.000000	81.791	127.2102
1030.000000	81.886	126.8838
1044.000000	81.969	126.6705
1060.000000	82.068	126.3031
1075.000000	82.153	125.9769
1090.000000	82.215	125.6534
1106.000000	82.304	125.2335
1120.000000	82.371	124.9678
1138.000000	82.465	124.4639
1150.000000	82.523	124.1824
1172.000000	82.635	123.7761
1180.000000	82.676	123.4820
1206.000000	82.789	122.9166
1220.000000	82.842	122.5918
1241.000000	82.909	121.9888
1250.000000	82.933	121.7991
1265.000000	82.994	121.3921
1280.000000	83.041	121.0337
1315.000000	83.131	120.1249
1320.000000	83.129	119.9353
1340.000000	83.196	119.4321
1360.000000	83.266	118.8868
1380.000000	83.336	118.2943
1400.000000	83.424	117.8375
1430.000000	83.537	117.0795
1450.000000	83.619	116.5813
1475.000000	83.718	115.9261
1500.000000	83.821	115.3273
1525.000000	83.929	114.6104
1550.000000	84.063	114.0656
1575.000000	84.183	113.2596
1600.000000	84.319	112.5215
1625.000000	84.452	111.7315
1650.000000	84.600	110.9763
1675.000000	84.724	110.0285
1700.000000	84.876	109.1500
1725.000000	85.023	108.1100
1750.000000	85.168	107.0658
1775.000000	85.321	106.0379
1800.000000	85.475	104.7415
1825.000000	85.631	103.3256
1850.000000	85.778	101.7641
1875.000000	85.894	100.1464
1900.000000	85.996	98.4503
1925.000000	86.086	96.6568
1950.000000	86.157	94.8768
1975.000000	86.207	93.0121
2000.000000	86.249	91.1361
2030.000000	86.243	89.0543
2060.000000	86.228	87.0598
2090.000000	86.205	85.2855
2120.000000	86.182	83.7201
2140.000000	86.184	82.8110
2180.000000	86.252	81.1001
2200.000000	86.330	80.2450
2240.000000	86.523	77.9372
2270.000000	86.689	75.7411
2300.000000	86.834	73.1049
2330.000000	86.907	70.1164
2360.000000	86.909	67.0494
2400.000000	86.829	63.4671
2430.000000	86.751	61.1169
2470.000000	86.704	58.6090
2500.000000	86.735	56.8366
2540.000000	86.832	53.9317
2580.000000	86.913	50.5884
2620.000000	86.925	47.0961
2650.000000	86.907	44.5099
2690.000000	86.864	41.3407
2720.000000	86.819	39.1257
2760.000000	86.794	36.3542
2800.000000	86.801	33.7790
2850.000000	86.840	30.7352
2900.000000	86.944	27.6879
2950.000000	87.096	24.6291
3000.000000	87.307	21.1857
3040.000000	87.460	18.2881
3070.000000	87.591	15.9873
3110.000000	87.781	12.8822
3150.000000	87.971	9.5549
3200.000000	88.208	5.2858
3250.000000	88.411	0.5377
3300.000000	88.561	-4.3348
3350.000000	88.632	-9.2204
3400.000000	88.641	-14.0449
3450.000000	88.575	-18.4440
3500.000000	88.474	-22.3922
3550.000000	88.336	-25.8601
3600.000000	88.213	-28.8246
3650.000000	88.071	-31.4213
3700.000000	87.966	-33.7025
3750.000000	87.878	-35.5397
3820.000000	87.790	-37.8502
3870.000000	87.755	-39.2185
3950.000000	87.738	-41.0903
4000.000000	87.742	-41.9906
4060.000000	87.825	-42.9424
4120.000000	87.928	-43.9216
4180.000000	88.057	-44.8986
4250.000000	88.238	-46.1437
4310.000000	88.407	-47.3011
4370.000000	88.585	-48.6122
4440.000000	88.780	-50.3564
4500.000000	88.922	-51.9274
4550.000000	89.016	-53.2975
4620.000000	89.125	-55.2668
4680.000000	89.185	-56.9454
4750.000000	89.209	-58.9815
4820.000000	89.171	-60.7639
4870.000000	89.121	-61.9550
4940.000000	89.022	-63.3344
5000.000000	88.907	-64.2313
5080.000000	88.730	-65.2012
5150.000000	88.591	-65.8244
5220.000000	88.436	-66.0758
5300.000000	88.266	-66.0406
5380.000000	88.111	-65.5900
5450.000000	87.997	-65.1757
5520.000000	87.872	-64.3407
5600.000000	87.790	-63.2887
5700.000000	87.732	-61.8419
5800.000000	87.725	-60.0181
5900.000000	87.798	-58.5731
6000.000000	87.953	-57.0953
6080.000000	88.143	-55.7759
6150.000000	88.300	-54.8693
6220.000000	88.521	-54.6326
6300.000000	88.806	-54.2660
6400.000000	89.178	-54.3616
6500.000000	89.541	-55.1664
6600.000000	89.987	-56.8347
6700.000000	90.317	-60.4440
6800.000000	90.551	-64.0370
6900.000000	90.504	-68.9838
7000.000000	90.308	-74.1884
7100.000000	89.876	-78.6835
7200.000000	89.336	-82.0416
7300.000000	88.700	-85.3259
7400.000000	87.879	-86.7614
7500.000000	87.070	-88.0649
7620.000000	86.185	-88.2758
7750.000000	85.160	-86.9476
7880.000000	84.173	-85.0406
8000.000000	83.413	-81.6960
8120.000000	82.778	-79.9579
8250.000000	81.938	-76.8849
8380.000000	81.136	-72.7795
8500.000000	80.619	-69.3555
8620.000000	80.014	-65.1057
8750.000000	79.422	-59.9097
8850.000000	78.891	-57.0710
9000.000000	78.439	-50.1125
9120.000000	77.844	-45.9781
9250.000000	77.596	-39.9292
9380.000000	77.176	-34.5453
9500.000000	76.984	-29.3566
9620.000000	76.800	-23.4396
9750.000000	76.655	-18.3506
9880.000000	76.507	-12.1202
10000.000000	76.348	-6.3823
10150.000000	76.379	0.5549
10300.000000	76.419	6.5802
10440.000000	76.530	13.3135
10600.000000	76.735	20.7476
10750.000000	77.164	28.5056
10900.000000	77.630	34.6884
11060.000000	78.226	40.7899
11200.000000	78.948	45.8454
11380.000000	79.843	51.9490
11500.000000	80.608	54.6559
11720.000000	81.786	58.2638
11800.000000	82.286	60.0014
12060.000000	83.955	61.0501
12200.000000	84.850	59.7298
12410.000000	85.642	55.6080
12500.000000	85.951	52.8853
12650.000000	85.990	49.5172
12800.000000	85.845	46.5114
13150.000000	85.124	47.0934
13200.000000	85.071	48.1461
13400.000000	85.069	53.4783
13600.000000	85.645	58.9599
13800.000000	86.784	61.7754
14000.000000	88.124	61.2369
14300.000000	89.927	51.7065
14500.000000	90.521	42.1855
14750.000000	90.652	28.6603
15000.000000	90.036	16.3865
15250.000000	88.927	6.4147
15500.000000	87.704	-0.6745
15750.000000	86.462	-5.8727
16000.000000	85.175	-7.8679
16250.000000	84.109	-9.2542
16500.000000	83.180	-8.9175
16750.000000	82.327	-9.4155
17000.000000	81.478	-9.8539
17250.000000	80.339	-8.3486
17500.000000	79.306	-3.3326
17750.000000	78.828	3.8635
18000.000000	78.951	10.9308
18250.000000	79.243	17.0599
18500.000000	79.586	23.6859
18750.000000	81.538	38.3301
19000.000000	85.190	24.9756
19250.000000	86.630	9.5410
19500.000000	86.539	-11.4657
19750.000000	85.371	-27.8884
