* Measurement data measured by REW V5.20.4
* Source: Input device not selected, no input selected, R, volume: no control
* Format: 256k Log Swept Sine, 1 sweep at -12,0 dBFS with no timing reference
* Dated: 2022-maj-17 15:32:19
* REW Settings:
*  C-weighting compensation: Off
*  Target level: 75.0 dB
* Note: Stock tips (black/red) M + stock cable 4.4mm  Right
* Measurement: Dunu VULKAN R
* Smoothing: 1/12 octave
* Frequency Step: 1/48 octave
* Start Frequency: 20.300 Hz
*
* Freq(Hz)	SPL(dB)	Phase(degrees)
20.299999	90.365	-7.5752
20.600000	90.350	-7.7582
20.900000	90.313	-8.1442
21.200001	90.274	-8.5654
21.400000	90.249	-8.8451
21.799999	90.203	-9.3921
22.000000	90.181	-9.6568
22.400000	90.139	-10.1726
22.700001	90.107	-10.5503
23.000000	90.075	-10.9230
23.299999	90.041	-11.2925
23.600000	90.006	-11.6589
24.000000	89.959	-12.1409
24.299999	89.924	-12.4957
24.700001	89.877	-12.9589
25.000000	89.843	-13.2993
25.400000	89.797	-13.7441
25.799999	89.750	-14.1780
26.200001	89.701	-14.6021
26.500000	89.662	-14.9196
26.900000	89.611	-15.3566
27.200001	89.574	-15.7069
27.600000	89.524	-16.2124
28.000000	89.473	-16.7480
28.500000	89.406	-17.3951
29.000000	89.338	-17.9251
29.500000	89.274	-18.2987
30.000000	89.220	-18.5631
30.400000	89.181	-18.7570
30.700001	89.151	-18.9176
31.100000	89.107	-19.1676
31.500000	89.058	-19.4602
32.000000	88.991	-19.8752
32.500000	88.924	-20.3269
33.000000	88.860	-20.7904
33.500000	88.799	-21.2377
34.000000	88.740	-21.6444
34.500000	88.683	-22.0041
35.000000	88.627	-22.3279
35.500000	88.574	-22.6369
36.000000	88.523	-22.9517
36.500000	88.473	-23.2844
37.000000	88.421	-23.6330
37.500000	88.365	-23.9809
38.200001	88.279	-24.4279
38.700001	88.213	-24.7105
39.500000	88.108	-25.1354
40.000000	88.044	-25.4039
40.599998	87.969	-25.7264
41.200001	87.899	-26.0344
41.799999	87.833	-26.3267
42.500000	87.757	-26.6650
43.099998	87.687	-26.9545
43.700001	87.613	-27.2209
44.400002	87.528	-27.4845
45.000000	87.465	-27.6882
45.500000	87.420	-27.8638
46.200001	87.361	-28.1243
46.799999	87.311	-28.3485
47.500000	87.252	-28.6051
48.200001	87.192	-28.8601
48.700001	87.147	-29.0362
49.400002	87.081	-29.2668
50.000000	87.022	-29.4568
50.799999	86.936	-29.7091
51.500000	86.855	-29.9171
52.200001	86.777	-30.1131
53.000000	86.696	-30.3487
53.799999	86.620	-30.5915
54.500000	86.553	-30.7751
55.200001	86.485	-30.9149
56.000000	86.403	-31.0267
57.000000	86.298	-31.1344
58.000000	86.192	-31.2875
59.000000	86.085	-31.5021
60.000000	85.978	-31.7051
60.799999	85.897	-31.8271
61.500000	85.831	-31.9143
62.200001	85.772	-32.0109
63.000000	85.713	-32.1547
64.000000	85.642	-32.3549
65.000000	85.566	-32.5197
66.000000	85.482	-32.6399
67.000000	85.393	-32.7290
68.000000	85.307	-32.7997
69.000000	85.222	-32.8652
70.000000	85.139	-32.9282
71.000000	85.057	-32.9851
72.000000	84.981	-33.0435
73.000000	84.906	-33.1113
74.000000	84.831	-33.1754
75.000000	84.758	-33.2197
76.199997	84.674	-33.2499
77.500000	84.586	-33.2895
78.800003	84.503	-33.3565
80.000000	84.427	-33.3887
81.199997	84.346	-33.3523
82.500000	84.256	-33.2872
83.800003	84.168	-33.2418
85.000000	84.091	-33.2094
86.199997	84.014	-33.1705
87.500000	83.925	-33.1190
88.500000	83.852	-33.0784
90.000000	83.747	-33.0164
91.199997	83.679	-32.9725
92.500000	83.616	-32.9269
93.800003	83.552	-32.8721
95.000000	83.488	-32.8163
96.199997	83.422	-32.7576
97.500000	83.350	-32.6890
98.800003	83.279	-32.6120
100.000000	83.214	-32.5329
101.500000	83.135	-32.4315
103.000000	83.060	-32.3312
104.400002	82.992	-32.2318
106.000000	82.915	-32.1141
107.500000	82.846	-32.0087
109.000000	82.779	-31.9018
110.599998	82.712	-31.7737
112.000000	82.657	-31.6508
113.800003	82.588	-31.4865
115.000000	82.543	-31.3741
117.199997	82.459	-31.1550
118.000000	82.428	-31.0711
120.599998	82.327	-30.8234
122.000000	82.270	-30.7195
124.099998	82.181	-30.5659
125.000000	82.144	-30.4916
126.500000	82.082	-30.3573
128.000000	82.022	-30.2147
131.500000	81.881	-29.8481
132.000000	81.861	-29.7906
134.000000	81.781	-29.5490
136.000000	81.701	-29.2897
138.000000	81.620	-28.9983
140.000000	81.539	-28.6467
143.000000	81.427	-27.9771
145.000000	81.368	-27.4587
147.500000	81.322	-26.8060
150.000000	81.311	-26.2508
152.500000	81.323	-25.8811
155.000000	81.337	-25.7126
157.500000	81.336	-25.6793
160.000000	81.317	-25.6931
162.500000	81.285	-25.6969
165.000000	81.245	-25.6631
167.500000	81.203	-25.5850
170.000000	81.162	-25.4791
172.500000	81.122	-25.3626
175.000000	81.083	-25.2419
177.500000	81.040	-25.1163
180.000000	80.997	-24.9862
182.500000	80.954	-24.8480
185.000000	80.915	-24.6954
187.500000	80.877	-24.5278
190.000000	80.838	-24.3521
192.500000	80.799	-24.1745
195.000000	80.759	-23.9979
197.500000	80.720	-23.8199
200.000000	80.682	-23.6356
203.000000	80.635	-23.4102
206.000000	80.590	-23.1962
209.000000	80.546	-22.9920
212.000000	80.505	-22.7870
214.000000	80.479	-22.6503
218.000000	80.427	-22.3813
220.000000	80.402	-22.2469
224.000000	80.354	-21.9798
227.000000	80.318	-21.7848
230.000000	80.281	-21.5934
233.000000	80.246	-21.4069
236.000000	80.210	-21.2265
240.000000	80.165	-20.9901
243.000000	80.132	-20.8123
247.000000	80.089	-20.5697
250.000000	80.057	-20.3832
254.000000	80.017	-20.1336
258.000000	79.977	-19.8860
262.000000	79.938	-19.6416
265.000000	79.910	-19.4619
269.000000	79.873	-19.2271
272.000000	79.846	-19.0528
276.000000	79.811	-18.8192
280.000000	79.778	-18.5852
285.000000	79.740	-18.2948
290.000000	79.703	-18.0043
295.000000	79.668	-17.7143
300.000000	79.632	-17.4310
304.000000	79.603	-17.2109
307.000000	79.581	-17.0471
311.000000	79.551	-16.8245
315.000000	79.522	-16.5919
320.000000	79.486	-16.2789
325.000000	79.454	-15.9377
330.000000	79.429	-15.5742
335.000000	79.413	-15.2070
340.000000	79.407	-14.8624
345.000000	79.408	-14.5646
350.000000	79.411	-14.3249
355.000000	79.409	-14.1377
360.000000	79.400	-13.9881
365.000000	79.387	-13.8545
370.000000	79.371	-13.7199
375.000000	79.354	-13.5787
382.000000	79.329	-13.3715
387.000000	79.312	-13.2162
395.000000	79.283	-12.9510
400.000000	79.266	-12.7737
406.000000	79.247	-12.5535
412.000000	79.228	-12.3324
418.000000	79.210	-12.1123
425.000000	79.191	-11.8560
431.000000	79.177	-11.6396
437.000000	79.165	-11.4271
444.000000	79.152	-11.1777
450.000000	79.142	-10.9597
455.000000	79.134	-10.7789
462.000000	79.124	-10.5294
468.000000	79.115	-10.3142
475.000000	79.103	-10.0613
482.000000	79.091	-9.8143
487.000000	79.083	-9.6426
494.000000	79.071	-9.4043
500.000000	79.061	-9.1988
508.000000	79.047	-8.9201
515.000000	79.036	-8.6709
522.000000	79.025	-8.4200
530.000000	79.013	-8.1368
538.000000	79.003	-7.8589
545.000000	78.994	-7.6192
552.000000	78.985	-7.3839
560.000000	78.975	-7.1200
570.000000	78.964	-6.7905
580.000000	78.954	-6.4565
590.000000	78.945	-6.1213
600.000000	78.939	-5.7833
608.000000	78.939	-5.5116
615.000000	78.941	-5.2732
622.000000	78.945	-5.0319
630.000000	78.950	-4.7524
640.000000	78.958	-4.4026
650.000000	78.966	-4.0559
660.000000	78.974	-3.7068
670.000000	78.983	-3.3526
680.000000	78.992	-2.9976
690.000000	79.001	-2.6409
700.000000	79.010	-2.2773
710.000000	79.020	-1.9037
720.000000	79.031	-1.5189
730.000000	79.043	-1.1257
740.000000	79.055	-0.7274
750.000000	79.067	-0.3252
762.000000	79.082	0.1634
775.000000	79.099	0.7056
788.000000	79.119	1.2629
800.000000	79.141	1.7889
812.000000	79.165	2.3238
825.000000	79.192	2.9140
838.000000	79.223	3.5149
850.000000	79.255	4.0747
862.000000	79.291	4.6368
875.000000	79.334	5.2517
885.000000	79.370	5.7298
900.000000	79.431	6.4551
912.000000	79.485	7.0389
925.000000	79.547	7.6668
938.000000	79.613	8.2840
950.000000	79.675	8.8400
962.000000	79.738	9.3803
975.000000	79.805	9.9477
988.000000	79.872	10.4956
1000.000000	79.937	10.9803
1015.000000	80.023	11.5497
1030.000000	80.114	12.0723
1044.000000	80.202	12.5183
1060.000000	80.305	12.9773
1075.000000	80.403	13.3504
1090.000000	80.499	13.6591
1106.000000	80.601	13.9152
1120.000000	80.687	14.0814
1138.000000	80.796	14.2224
1150.000000	80.867	14.2732
1172.000000	80.994	14.2826
1180.000000	81.039	14.2611
1206.000000	81.181	14.1063
1220.000000	81.255	13.9721
1241.000000	81.365	13.7172
1250.000000	81.410	13.5926
1265.000000	81.483	13.3681
1280.000000	81.550	13.1252
1315.000000	81.690	12.5155
1320.000000	81.708	12.4257
1340.000000	81.778	12.0640
1360.000000	81.847	11.7020
1380.000000	81.916	11.3447
1400.000000	81.985	10.9940
1430.000000	82.080	10.4855
1450.000000	82.138	10.1611
1475.000000	82.204	9.7779
1500.000000	82.261	9.4233
1525.000000	82.311	9.0953
1550.000000	82.353	8.7942
1575.000000	82.388	8.5220
1600.000000	82.420	8.2800
1625.000000	82.448	8.0693
1650.000000	82.472	7.8873
1675.000000	82.493	7.7293
1700.000000	82.512	7.5951
1725.000000	82.528	7.4839
1750.000000	82.539	7.3931
1775.000000	82.544	7.3267
1800.000000	82.545	7.2995
1825.000000	82.544	7.3300
1850.000000	82.543	7.4273
1875.000000	82.546	7.5816
1900.000000	82.557	7.7738
1925.000000	82.577	7.9914
1950.000000	82.606	8.2295
1975.000000	82.643	8.4867
2000.000000	82.685	8.7598
2030.000000	82.741	9.1039
2060.000000	82.803	9.4639
2090.000000	82.873	9.8381
2120.000000	82.949	10.2208
2140.000000	83.004	10.4774
2180.000000	83.124	10.9849
2200.000000	83.188	11.2314
2240.000000	83.327	11.7034
2270.000000	83.440	12.0325
2300.000000	83.562	12.3313
2330.000000	83.690	12.5933
2360.000000	83.823	12.8130
2400.000000	84.008	13.0298
2430.000000	84.148	13.1299
2470.000000	84.336	13.1693
2500.000000	84.479	13.1209
2540.000000	84.671	12.9445
2580.000000	84.865	12.6284
2620.000000	85.058	12.1651
2650.000000	85.200	11.7216
2690.000000	85.382	11.0051
2720.000000	85.512	10.3753
2760.000000	85.673	9.4142
2800.000000	85.818	8.3207
2850.000000	85.971	6.7887
2900.000000	86.091	5.1110
2950.000000	86.173	3.3305
3000.000000	86.216	1.4877
3040.000000	86.222	-0.0028
3070.000000	86.210	-1.1150
3110.000000	86.173	-2.5726
3150.000000	86.112	-3.9834
3200.000000	86.004	-5.6527
3250.000000	85.863	-7.1821
3300.000000	85.693	-8.5384
3350.000000	85.501	-9.6977
3400.000000	85.291	-10.6478
3450.000000	85.070	-11.3842
3500.000000	84.842	-11.9099
3550.000000	84.613	-12.2389
3600.000000	84.386	-12.3901
3650.000000	84.165	-12.3815
3700.000000	83.954	-12.2304
3750.000000	83.753	-11.9549
3820.000000	83.492	-11.3893
3870.000000	83.323	-10.8752
3950.000000	83.082	-9.9024
4000.000000	82.948	-9.2195
4060.000000	82.803	-8.3419
4120.000000	82.676	-7.4187
4180.000000	82.567	-6.4644
4250.000000	82.462	-5.3256
4310.000000	82.390	-4.3386
4370.000000	82.336	-3.3534
4440.000000	82.292	-2.2254
4500.000000	82.268	-1.2888
4550.000000	82.257	-0.5335
4620.000000	82.250	0.4806
4680.000000	82.252	1.3060
4750.000000	82.260	2.2147
4820.000000	82.271	3.0635
4870.000000	82.278	3.6346
4940.000000	82.288	4.3919
5000.000000	82.294	5.0098
5080.000000	82.297	5.8012
5150.000000	82.295	6.4810
5220.000000	82.288	7.1731
5300.000000	82.274	8.0064
5380.000000	82.253	8.9095
5450.000000	82.230	9.7739
5520.000000	82.205	10.7237
5600.000000	82.181	11.9337
5700.000000	82.171	13.6602
5800.000000	82.206	15.6398
5900.000000	82.308	17.8392
6000.000000	82.500	20.1586
6080.000000	82.733	21.9902
6150.000000	82.999	23.4788
6220.000000	83.325	24.7651
6300.000000	83.766	25.8582
6400.000000	84.393	26.4351
6500.000000	85.057	25.8899
6600.000000	85.684	24.0874
6700.000000	86.203	21.1285
6800.000000	86.562	17.3774
6900.000000	86.744	13.3559
7000.000000	86.777	9.5607
7100.000000	86.722	6.2966
7200.000000	86.654	3.5799
7300.000000	86.633	1.1672
7400.000000	86.688	-1.3200
7500.000000	86.812	-4.2929
7620.000000	86.997	-9.0142
7750.000000	87.117	-15.9162
7880.000000	86.994	-24.3975
8000.000000	86.561	-32.6772
8120.000000	85.796	-40.1822
8250.000000	84.653	-46.3479
8380.000000	83.302	-50.0006
8500.000000	81.991	-51.2735
8620.000000	80.717	-50.9187
8750.000000	79.455	-49.1821
8850.000000	78.593	-47.1609
9000.000000	77.486	-43.3543
9120.000000	76.748	-39.8363
9250.000000	76.084	-35.7042
9380.000000	75.553	-31.3646
9500.000000	75.175	-27.2894
9620.000000	74.901	-23.2639
9750.000000	74.709	-19.0952
9880.000000	74.608	-15.2617
10000.000000	74.572	-12.0961
10150.000000	74.572	-8.5884
10300.000000	74.617	-5.3296
10440.000000	74.744	-2.3560
10600.000000	75.078	0.5964
10750.000000	75.574	1.9974
10900.000000	76.124	1.0515
11060.000000	76.548	-3.0632
11200.000000	76.615	-8.8310
11380.000000	76.146	-17.2691
11500.000000	75.476	-22.1845
11720.000000	73.625	-27.3072
11800.000000	72.798	-27.6091
12060.000000	69.769	-22.2403
12200.000000	68.045	-15.1461
12410.000000	65.669	0.8600
12500.000000	64.899	9.3340
12650.000000	64.270	24.5676
12800.000000	64.635	39.5836
13150.000000	67.725	64.5176
13200.000000	68.217	66.4569
13400.000000	70.007	70.2829
13600.000000	71.398	69.1550
13800.000000	72.372	65.3923
14000.000000	73.027	61.1876
14300.000000	73.798	56.4824
14500.000000	74.402	54.1586
14750.000000	75.320	50.4032
15000.000000	76.196	43.8685
15250.000000	76.692	34.2558
15500.000000	76.604	23.7509
15750.000000	75.981	15.4604
16000.000000	75.073	11.0528
16250.000000	74.226	10.2643
16500.000000	73.775	11.7464
16750.000000	73.940	13.7324
17000.000000	74.715	14.2228
17250.000000	75.815	11.1245
17500.000000	76.808	2.9448
17750.000000	77.308	-9.9364
18000.000000	77.129	-24.8827
18250.000000	76.313	-38.8739
18500.000000	75.052	-50.7426
18750.000000	73.515	-60.9551
19000.000000	71.741	-69.7805
19250.000000	69.683	-76.4517
19500.000000	67.334	-80.0896
19750.000000	64.869	-81.0143
