* Measurement data measured by REW V5.20.8
* Source: Microphone (High Definition Audio Device), MICROPHONE (Master Volume), L, volume: 1.000
* Format: 4M Log Swept Sine, 1 sweep at -15.0 dBFS with no timing reference
* Dated: Jun 17, 2022 8:36:43 AM
* REW Settings:
*  C-weighting compensation: Off
*  Target level: 75.0 dB
* Note: 
* Measurement: EM1 L
* Smoothing: None
* Frequency Step: 1/48 octave
* Start Frequency: 20.000 Hz
*
* Freq(Hz)	SPL(dB)	Phase(degrees)
20.000000	92.228	20.9733
20.299999	92.258	20.4755
20.600000	92.280	19.9403
20.900000	92.293	19.4041
21.200001	92.299	18.9050
21.400000	92.297	18.6039
21.799999	92.292	18.0696
22.000000	92.292	17.8265
22.400000	92.297	17.3572
22.700001	92.303	17.0043
23.000000	92.307	16.6521
23.299999	92.308	16.3171
23.600000	92.307	16.0123
24.000000	92.309	15.6598
24.299999	92.317	15.4224
24.700001	92.332	15.1085
25.000000	92.345	14.8553
25.400000	92.361	14.4889
25.799999	92.370	14.1107
26.200001	92.374	13.7480
26.500000	92.377	13.4916
26.900000	92.378	13.1641
27.200001	92.377	12.9232
27.600000	92.374	12.6077
28.000000	92.372	12.3069
28.500000	92.374	11.9481
29.000000	92.384	11.5580
29.500000	92.392	11.0905
30.000000	92.387	10.5897
30.400000	92.375	10.2384
30.700001	92.366	10.0266
31.100000	92.360	9.7924
31.500000	92.363	9.5598
32.000000	92.370	9.2096
32.500000	92.368	8.8300
33.000000	92.359	8.5212
33.500000	92.362	8.2928
34.000000	92.382	8.0376
34.500000	92.401	7.6766
35.000000	92.407	7.2581
35.500000	92.400	6.8847
36.000000	92.390	6.5894
36.500000	92.384	6.3418
37.000000	92.381	6.1254
37.500000	92.384	5.9417
38.200001	92.404	5.6392
38.700001	92.419	5.2994
39.500000	92.402	4.6912
40.000000	92.376	4.4529
40.599998	92.358	4.2957
41.200001	92.361	4.0803
41.799999	92.360	3.7550
42.500000	92.347	3.3748
43.099998	92.339	3.0741
43.700001	92.331	2.7404
44.400002	92.313	2.3743
45.000000	92.301	2.1696
45.500000	92.305	2.0438
46.200001	92.332	1.7955
46.799999	92.360	1.4238
47.500000	92.366	0.8350
48.200001	92.323	0.3163
48.700001	92.276	0.1521
49.400002	92.229	0.2195
50.000000	92.228	0.3247
50.799999	92.254	0.2164
51.500000	92.263	-0.0828
52.200001	92.253	-0.3929
53.000000	92.240	-0.6616
53.799999	92.244	-0.9712
54.500000	92.244	-1.3601
55.200001	92.229	-1.7401
56.000000	92.211	-2.0619
57.000000	92.200	-2.4752
58.000000	92.170	-2.8654
59.000000	92.147	-3.0540
60.000000	92.143	-3.4016
60.799999	92.109	-3.7307
61.500000	92.077	-3.7971
62.200001	92.082	-3.8270
63.000000	92.105	-4.1452
64.000000	92.092	-4.6870
65.000000	92.066	-5.0947
66.000000	92.036	-5.4011
67.000000	92.017	-5.5865
68.000000	92.006	-5.7192
69.000000	92.023	-5.8854
70.000000	92.018	-6.3442
71.000000	91.969	-6.5883
72.000000	91.947	-6.6876
73.000000	91.927	-6.8260
74.000000	91.934	-6.9036
75.000000	91.953	-7.3420
76.199997	91.898	-7.8621
77.500000	91.860	-8.0478
78.800003	91.825	-8.3267
80.000000	91.808	-8.5201
81.199997	91.781	-8.8444
82.500000	91.752	-9.0372
83.800003	91.746	-9.3384
85.000000	91.714	-9.6685
86.199997	91.692	-9.8849
87.500000	91.655	-10.1641
88.500000	91.640	-10.3196
90.000000	91.602	-10.6264
91.199997	91.584	-10.8749
92.500000	91.547	-11.0255
93.800003	91.536	-11.2489
95.000000	91.517	-11.4587
96.199997	91.471	-11.7551
97.500000	91.442	-11.6853
98.800003	91.434	-12.0216
100.000000	91.402	-12.2403
101.500000	91.363	-12.4750
103.000000	91.343	-12.7323
104.400002	91.297	-12.8877
106.000000	91.276	-13.1294
107.500000	91.242	-13.3384
109.000000	91.211	-13.6056
110.599998	91.177	-13.8684
112.000000	91.147	-13.9476
113.800003	91.117	-14.2021
115.000000	91.090	-14.3259
117.199997	91.032	-14.4820
118.000000	91.017	-14.6196
120.599998	90.966	-14.8937
122.000000	90.939	-15.1147
124.099998	90.888	-15.2960
125.000000	90.873	-15.4263
126.500000	90.848	-15.5872
128.000000	90.797	-15.8267
131.500000	90.725	-16.1630
132.000000	90.702	-16.1722
134.000000	90.693	-16.3501
136.000000	90.588	-16.5510
138.000000	90.565	-16.6087
140.000000	90.557	-16.6985
143.000000	90.502	-17.1184
145.000000	90.415	-17.1344
147.500000	90.348	-16.9150
150.000000	90.282	-17.3534
152.500000	90.226	-17.6849
155.000000	90.160	-17.6529
157.500000	90.112	-17.9495
160.000000	90.014	-18.1210
162.500000	89.954	-18.0548
165.000000	89.903	-18.1268
167.500000	89.827	-18.1093
170.000000	89.761	-18.3253
172.500000	89.711	-18.4302
175.000000	89.655	-18.5228
177.500000	89.609	-18.6065
180.000000	89.560	-18.7831
182.500000	89.516	-18.6713
185.000000	89.464	-18.8106
187.500000	89.377	-18.8009
190.000000	89.342	-18.8669
192.500000	89.281	-18.7727
195.000000	89.235	-18.8655
197.500000	89.178	-18.8203
200.000000	89.163	-18.8818
203.000000	89.087	-18.7836
206.000000	89.020	-18.7449
209.000000	88.974	-18.7462
212.000000	88.916	-18.5293
214.000000	88.886	-18.4097
218.000000	88.752	-18.2499
220.000000	88.703	-18.4120
224.000000	88.693	-17.9109
227.000000	88.615	-17.6693
230.000000	88.584	-17.4122
233.000000	88.538	-17.0744
236.000000	88.498	-16.8049
240.000000	88.368	-17.4092
243.000000	88.414	-16.8521
247.000000	88.399	-16.5938
250.000000	88.345	-16.6080
254.000000	88.310	-16.5154
258.000000	88.276	-16.5373
262.000000	88.205	-16.4441
265.000000	88.161	-16.2380
269.000000	88.105	-16.3444
272.000000	88.053	-16.2794
276.000000	87.992	-16.2287
280.000000	87.935	-16.0117
285.000000	87.864	-15.8797
290.000000	87.773	-15.7397
295.000000	87.705	-15.5082
300.000000	87.625	-15.2673
304.000000	87.565	-15.0192
307.000000	87.518	-14.8010
311.000000	87.461	-14.5881
315.000000	87.402	-14.2959
320.000000	87.342	-13.8847
325.000000	87.289	-13.4177
330.000000	87.243	-13.0939
335.000000	87.216	-12.7249
340.000000	87.182	-12.4167
345.000000	87.144	-12.2178
350.000000	87.107	-12.0274
355.000000	87.056	-11.7476
360.000000	87.008	-11.5631
365.000000	86.954	-11.3989
370.000000	86.907	-11.1256
375.000000	86.861	-10.8945
382.000000	86.775	-10.3354
387.000000	86.721	-9.9935
395.000000	86.637	-9.6609
400.000000	86.618	-9.3430
406.000000	86.523	-8.7203
412.000000	86.458	-8.3422
418.000000	86.397	-8.0217
425.000000	86.346	-7.4444
431.000000	86.279	-6.9567
437.000000	86.240	-6.5153
444.000000	86.182	-5.9614
450.000000	86.139	-5.5039
455.000000	86.109	-5.1395
462.000000	86.044	-4.5948
468.000000	86.013	-4.1284
475.000000	85.954	-3.5365
482.000000	85.938	-2.9852
487.000000	85.889	-2.5947
494.000000	85.856	-1.9729
500.000000	85.822	-1.5206
508.000000	85.780	-0.8224
515.000000	85.755	-0.1904
522.000000	85.721	0.2836
530.000000	85.703	0.9503
538.000000	85.674	1.6173
545.000000	85.646	2.0917
552.000000	85.622	2.5826
560.000000	85.596	3.1946
570.000000	85.535	3.9220
580.000000	85.484	4.6453
590.000000	85.456	5.5259
600.000000	85.410	6.3854
608.000000	85.381	7.1117
615.000000	85.364	7.6605
622.000000	85.331	8.4068
630.000000	85.305	9.1536
640.000000	85.289	9.9585
650.000000	85.268	10.9793
660.000000	85.256	11.9542
670.000000	85.244	12.8893
680.000000	85.227	13.9087
690.000000	85.251	14.8464
700.000000	85.249	15.7999
710.000000	85.259	16.8755
720.000000	85.290	17.7726
730.000000	85.314	18.7856
740.000000	85.351	19.7805
750.000000	85.385	20.7212
762.000000	85.442	21.7135
775.000000	85.504	22.8929
788.000000	85.577	23.9794
800.000000	85.649	24.9479
812.000000	85.734	25.8983
825.000000	85.817	26.8149
838.000000	85.908	27.7009
850.000000	85.985	28.4547
862.000000	86.061	29.2630
875.000000	86.155	29.9952
885.000000	86.220	30.5680
900.000000	86.310	31.4681
912.000000	86.399	32.1031
925.000000	86.487	32.7831
938.000000	86.567	33.4681
950.000000	86.645	34.0973
962.000000	86.735	34.6971
975.000000	86.824	35.3332
988.000000	86.909	35.9866
1000.000000	87.000	36.5175
1015.000000	87.109	37.1857
1030.000000	87.216	37.8520
1044.000000	87.325	38.4160
1060.000000	87.447	39.0298
1075.000000	87.555	39.5840
1090.000000	87.671	40.1178
1106.000000	87.795	40.6144
1120.000000	87.903	41.0538
1138.000000	88.032	41.5618
1150.000000	88.125	41.8768
1172.000000	88.286	42.4651
1180.000000	88.341	42.6378
1206.000000	88.526	43.2292
1220.000000	88.611	43.5091
1241.000000	88.719	43.9631
1250.000000	88.769	44.1662
1265.000000	88.847	44.4274
1280.000000	88.926	44.6941
1315.000000	89.096	45.3765
1320.000000	89.121	45.4436
1340.000000	89.226	45.7769
1360.000000	89.335	46.1698
1380.000000	89.459	46.5027
1400.000000	89.588	46.8176
1430.000000	89.768	47.3254
1450.000000	89.899	47.6646
1475.000000	90.053	48.0706
1500.000000	90.207	48.4761
1525.000000	90.377	48.8720
1550.000000	90.550	49.2416
1575.000000	90.725	49.6212
1600.000000	90.912	49.9548
1625.000000	91.097	50.2859
1650.000000	91.283	50.5748
1675.000000	91.484	50.8356
1700.000000	91.676	51.0611
1725.000000	91.871	51.2988
1750.000000	92.078	51.4349
1775.000000	92.283	51.5490
1800.000000	92.483	51.6447
1825.000000	92.695	51.6580
1850.000000	92.911	51.6318
1875.000000	93.123	51.5602
1900.000000	93.334	51.4369
1925.000000	93.558	51.2198
1950.000000	93.777	50.9547
1975.000000	93.990	50.6313
2000.000000	94.212	50.2171
2030.000000	94.479	49.6287
2060.000000	94.731	48.9538
2090.000000	94.982	48.1617
2120.000000	95.237	47.2092
2140.000000	95.393	46.5566
2180.000000	95.693	45.0586
2200.000000	95.840	44.2465
2240.000000	96.117	42.4491
2270.000000	96.294	41.0061
2300.000000	96.462	39.4843
2330.000000	96.613	37.8618
2360.000000	96.729	36.2467
2400.000000	96.853	33.9871
2430.000000	96.931	32.2574
2470.000000	96.989	30.0093
2500.000000	97.006	28.3491
2540.000000	97.006	26.2040
2580.000000	96.961	24.1777
2620.000000	96.882	22.3229
2650.000000	96.815	21.0043
2690.000000	96.703	19.4177
2720.000000	96.596	18.3823
2760.000000	96.453	17.1405
2800.000000	96.302	16.0637
2850.000000	96.097	15.0260
2900.000000	95.895	14.2003
2950.000000	95.694	13.6533
3000.000000	95.493	13.3276
3040.000000	95.344	13.2226
3070.000000	95.237	13.1882
3110.000000	95.089	13.2759
3150.000000	94.948	13.4818
3200.000000	94.801	13.8354
3250.000000	94.659	14.3199
3300.000000	94.531	14.9194
3350.000000	94.430	15.6163
3400.000000	94.340	16.4011
3450.000000	94.255	17.2756
3500.000000	94.184	18.1809
3550.000000	94.129	19.1533
3600.000000	94.087	20.1774
3650.000000	94.071	21.2427
3700.000000	94.087	22.3234
3750.000000	94.105	23.4266
3820.000000	94.186	24.9864
3870.000000	94.285	26.0426
3950.000000	94.473	27.6605
4000.000000	94.623	28.5485
4060.000000	94.832	29.5223
4120.000000	95.058	30.4355
4180.000000	95.315	31.1938
4250.000000	95.663	31.8580
4310.000000	95.984	32.2373
4370.000000	96.353	32.3839
4440.000000	96.829	32.1380
4500.000000	97.263	31.4962
4550.000000	97.633	30.6046
4620.000000	98.165	28.6592
4680.000000	98.579	26.2786
4750.000000	98.952	22.9045
4820.000000	99.237	19.8200
4870.000000	99.519	17.5156
4940.000000	99.877	12.7217
5000.000000	99.998	7.6074
5080.000000	99.879	0.5562
5150.000000	99.524	-5.1864
5220.000000	98.992	-10.1151
5300.000000	98.250	-14.4803
5380.000000	97.446	-17.5209
5450.000000	96.726	-19.1682
5520.000000	96.009	-20.0212
5600.000000	95.243	-20.2288
5700.000000	94.357	-19.5264
5800.000000	93.580	-18.0636
5900.000000	92.899	-16.0784
6000.000000	92.303	-13.6829
6080.000000	91.891	-11.5989
6150.000000	91.581	-9.5852
6220.000000	91.310	-7.5078
6300.000000	91.037	-5.1072
6400.000000	90.774	-1.9589
6500.000000	90.593	1.2320
6600.000000	90.460	4.4490
6700.000000	90.398	7.6743
6800.000000	90.423	10.8510
6900.000000	90.535	14.0457
7000.000000	90.766	17.1176
7100.000000	91.083	20.0995
7200.000000	91.501	22.8259
7300.000000	92.012	25.2587
7400.000000	92.635	27.2384
7500.000000	93.391	28.6291
7620.000000	94.471	29.0898
7750.000000	95.932	27.2979
7880.000000	97.470	21.5213
8000.000000	98.740	10.9642
8120.000000	99.284	-4.5541
8250.000000	98.540	-21.8419
8380.000000	96.835	-33.8217
8500.000000	95.069	-39.5685
8620.000000	93.440	-41.6997
8750.000000	91.890	-41.4379
8850.000000	90.859	-40.0700
9000.000000	89.568	-36.9574
9120.000000	88.745	-33.8075
9250.000000	88.014	-30.0083
9380.000000	87.458	-25.9927
9500.000000	87.093	-22.2289
9620.000000	86.866	-18.6078
9750.000000	86.774	-14.7651
9880.000000	86.856	-11.2413
10000.000000	87.108	-8.5311
10150.000000	87.661	-6.2148
10300.000000	88.488	-5.9437
10440.000000	89.513	-8.8800
10600.000000	90.711	-18.3753
10750.000000	91.113	-34.4039
10900.000000	89.979	-52.3159
11060.000000	87.531	-65.1307
11200.000000	85.180	-70.0093
11380.000000	82.371	-70.7850
11500.000000	80.697	-69.0578
11720.000000	78.055	-63.4760
11800.000000	77.204	-61.1413
12060.000000	74.723	-51.8723
12200.000000	73.618	-46.4065
12410.000000	71.978	-37.6992
12500.000000	71.343	-33.7842
12650.000000	70.377	-27.4206
12800.000000	69.495	-20.4927
13150.000000	67.725	-4.2832
13200.000000	67.569	-1.9286
13400.000000	66.693	7.2264
13600.000000	66.045	16.6969
13800.000000	65.568	27.0063
14000.000000	65.140	36.9006
14300.000000	64.869	52.3427
14500.000000	65.014	62.7494
14750.000000	65.472	74.7314
15000.000000	66.189	86.3351
15250.000000	67.376	95.2670
15500.000000	69.037	101.2773
15750.000000	71.082	101.5225
16000.000000	73.075	92.8781
16250.000000	73.530	74.0954
16500.000000	71.631	59.2372
16750.000000	68.977	55.1671
17000.000000	66.547	58.8040
17250.000000	64.641	66.8305
17500.000000	63.181	76.1988
17750.000000	61.900	87.5626
18000.000000	61.292	98.8307
18250.000000	61.078	109.9121
18500.000000	60.846	118.7086
18750.000000	60.719	127.0099
19000.000000	60.498	134.4398
19250.000000	59.888	140.5341
19500.000000	59.056	151.2585
19750.000000	58.821	164.5232
