* Measurement data measured by REW V5.20.9
* Source: /Users/griff/Desktop/0 - REW Curves/Targets/IEM Targets/Harman/Harman IE 2019 v2 Target.txt
* Format: Comma/Tab/Space delimited data
* Dated: Jun 3, 2021 1:13:40 AM
* REW Settings:
*  C-weighting compensation: Off
*  Target level: 75.0 dB
* Note: Measurement imported from /Users/griff/Desktop/0 - REW Curves/Targets/IEM Targets/Harman/Harman IE 2019 v2 Target.txt Format: Comma/Tab/Space delimited data 480 values loaded, 20 Hz to 19,967 Hz log spaced
* Measurement: Harman IE 2019 v2 Target
* Smoothing: 1/48 octave
* Frequency Step: 96 ppo
* Start Frequency: 20.0 Hz
*
* Freq(Hz) SPL(dB)
20.071394 98.260
20.216839 98.266
20.363338 98.271
20.510900 98.277
20.659531 98.282
20.809238 98.288
20.960032 98.293
21.111916 98.298
21.264902 98.304
21.418997 98.308
21.574207 98.313
21.730543 98.318
21.888012 98.322
22.046621 98.327
22.206381 98.331
22.367298 98.336
22.529381 98.339
22.692638 98.342
22.857079 98.345
23.022711 98.348
23.189543 98.351
23.357584 98.354
23.526842 98.357
23.697327 98.359
23.869047 98.360
24.042011 98.361
24.216230 98.362
24.391710 98.364
24.568462 98.365
24.746496 98.366
24.925819 98.367
25.106441 98.367
25.288374 98.368
25.471624 98.368
25.656202 98.368
25.842117 98.368
26.029381 98.368
26.218000 98.369
26.407988 98.369
26.599350 98.369
26.792099 98.368
26.986246 98.368
27.181799 98.368
27.378769 98.368
27.577168 98.367
27.777002 98.367
27.978287 98.367
28.181028 98.366
28.385241 98.365
28.590931 98.365
28.798113 98.364
29.006796 98.364
29.216991 98.363
29.428709 98.362
29.641962 98.362
29.856760 98.361
30.073114 98.360
30.291037 98.358
30.510538 98.356
30.731630 98.354
30.954325 98.352
31.178633 98.350
31.404566 98.348
31.632135 98.345
31.861355 98.342
32.092236 98.339
32.324791 98.335
32.559029 98.332
32.794964 98.329
33.032608 98.325
33.271976 98.321
33.513081 98.317
33.755932 98.311
34.000542 98.305
34.246925 98.299
34.495094 98.292
34.745060 98.285
34.996838 98.279
35.250439 98.272
35.505878 98.264
35.763168 98.254
36.022324 98.244
36.283356 98.233
36.546280 98.222
36.811108 98.211
37.077858 98.200
37.346539 98.189
37.617168 98.177
37.889759 98.165
38.164326 98.152
38.440880 98.139
38.719437 98.126
39.000015 98.113
39.282627 98.100
39.567284 98.087
39.854004 98.073
40.142803 98.058
40.433693 98.041
40.726692 98.024
41.021816 98.006
41.319077 97.988
41.618492 97.971
41.920078 97.953
42.223850 97.935
42.529823 97.916
42.838013 97.895
43.148434 97.872
43.461105 97.850
43.776043 97.828
44.093262 97.805
44.412781 97.782
44.734615 97.759
45.058781 97.735
45.385296 97.709
45.714176 97.682
46.045441 97.655
46.379105 97.628
46.715187 97.601
47.053703 97.573
47.394672 97.544
47.738113 97.514
48.084042 97.483
48.432480 97.451
48.783443 97.419
49.136948 97.387
49.493015 97.355
49.851662 97.323
50.212906 97.291
50.576771 97.260
50.943272 97.229
51.312428 97.198
51.684258 97.167
52.058784 97.136
52.436024 97.104
52.815998 97.072
53.198723 97.039
53.584221 97.004
53.972515 96.969
54.363621 96.934
54.757561 96.898
55.154358 96.862
55.554028 96.825
55.956596 96.790
56.362080 96.759
56.770504 96.730
57.181885 96.699
57.596249 96.669
58.013615 96.639
58.434006 96.608
58.857441 96.578
59.283947 96.546
59.713543 96.512
60.146252 96.475
60.582096 96.433
61.021099 96.389
61.463284 96.343
61.908672 96.297
62.357288 96.251
62.809155 96.207
63.264294 96.166
63.722733 96.126
64.184494 96.088
64.649605 96.051
65.118080 96.013
65.589951 95.974
66.065239 95.936
66.543976 95.897
67.026184 95.857
67.511887 95.817
68.001106 95.776
68.493874 95.735
68.990211 95.693
69.490143 95.651
69.993698 95.609
70.500900 95.566
71.011780 95.523
71.526360 95.479
72.044670 95.435
72.566734 95.390
73.092583 95.345
73.622238 95.299
74.155739 95.253
74.693100 95.208
75.234360 95.167
75.779541 95.128
76.328674 95.089
76.881783 95.051
77.438896 95.012
78.000053 94.974
78.565277 94.934
79.134590 94.895
79.708031 94.855
80.285629 94.815
80.867409 94.775
81.453407 94.734
82.043655 94.694
82.638176 94.652
83.237007 94.611
83.840179 94.569
84.447723 94.527
85.059669 94.485
85.676048 94.442
86.296890 94.399
86.922234 94.356
87.552109 94.313
88.186546 94.269
88.825584 94.225
89.469254 94.180
90.117584 94.136
90.770615 94.091
91.428375 94.046
92.090904 94.000
92.758232 93.954
93.430397 93.908
94.107430 93.862
94.789368 93.815
95.476250 93.768
96.168114 93.720
96.864990 93.673
97.566917 93.625
98.273926 93.576
98.986061 93.527
99.703354 93.479
100.425842 93.435
101.153572 93.392
101.886574 93.350
102.624886 93.308
103.368546 93.265
104.117599 93.222
104.872078 93.179
105.632027 93.136
106.397476 93.092
107.168480 93.048
107.945068 93.003
108.727280 92.959
109.515160 92.914
110.308754 92.868
111.108093 92.822
111.913231 92.776
112.724197 92.730
113.541046 92.683
114.363808 92.636
115.192535 92.588
116.027267 92.540
116.868050 92.492
117.714920 92.443
118.567932 92.399
119.427124 92.356
120.292542 92.314
121.164230 92.271
122.042236 92.228
122.926605 92.185
123.817383 92.141
124.714615 92.097
125.618347 92.053
126.528633 92.008
127.445511 91.963
128.369034 91.918
129.299255 91.873
130.236206 91.827
131.179947 91.781
132.130524 91.738
133.087997 91.695
134.052414 91.654
135.023819 91.613
136.002258 91.572
136.987793 91.530
137.980469 91.488
138.980331 91.446
139.987442 91.408
141.001846 91.372
142.023605 91.337
143.052765 91.303
144.089386 91.268
145.133514 91.234
146.185211 91.199
147.244522 91.164
148.311523 91.129
149.386246 91.094
150.468765 91.059
151.559128 91.023
152.657394 90.988
153.763611 90.953
154.877838 90.918
156.000153 90.882
157.130600 90.846
158.269226 90.809
159.416107 90.773
160.571304 90.737
161.734863 90.701
162.906860 90.666
164.087357 90.630
165.276398 90.594
166.474060 90.558
167.680405 90.521
168.895493 90.484
170.119385 90.447
171.352142 90.412
172.593826 90.377
173.844513 90.341
175.104263 90.305
176.373138 90.269
177.651215 90.233
178.938553 90.197
180.235214 90.161
181.541275 90.126
182.856796 90.091
184.181854 90.057
185.516510 90.022
186.860840 89.987
188.214905 89.952
189.578781 89.917
190.952545 89.884
192.336273 89.851
193.730026 89.818
195.133881 89.785
196.547897 89.752
197.972168 89.720
199.406754 89.688
200.851730 89.659
202.307190 89.632
203.773193 89.607
205.249817 89.583
206.737137 89.557
208.235245 89.532
209.744202 89.507
211.264099 89.482
212.795013 89.458
214.337021 89.435
215.890198 89.413
217.454620 89.391
219.030380 89.369
220.617569 89.346
222.216248 89.324
223.826523 89.302
225.448456 89.282
227.082153 89.263
228.727692 89.245
230.385147 89.226
232.054611 89.207
233.736176 89.188
235.429932 89.171
237.135956 89.155
238.854340 89.142
240.585175 89.129
242.328552 89.116
244.084564 89.103
245.853302 89.090
247.634857 89.078
249.429321 89.066
251.236786 89.056
253.057358 89.046
254.891113 89.037
256.738159 89.028
258.598602 89.020
260.472504 89.011
262.359985 89.002
264.261139 88.994
266.176086 88.987
268.104919 88.981
270.047729 88.976
272.004608 88.970
273.975677 88.965
275.961029 88.959
277.960754 88.954
279.974976 88.950
282.003784 88.946
284.047302 88.944
286.105621 88.942
288.178864 88.940
290.267120 88.939
292.370514 88.937
294.489166 88.935
296.623169 88.933
298.772614 88.931
300.937653 88.930
303.118378 88.930
305.314911 88.930
307.527344 88.930
309.755829 88.930
312.000458 88.931
314.261353 88.931
316.538605 88.932
318.832367 88.934
321.142761 88.935
323.469879 88.937
325.813873 88.939
328.174866 88.941
330.552948 88.943
332.948273 88.945
335.360962 88.947
337.791138 88.950
340.238922 88.953
342.704437 88.956
345.187805 88.959
347.689178 88.962
350.208679 88.966
352.746429 88.969
355.302582 88.973
357.877258 88.976
360.470581 88.981
363.082703 88.985
365.713745 88.989
368.363861 88.994
371.033173 88.998
373.721832 89.002
376.429962 89.007
379.157715 89.011
381.905243 89.015
384.672699 89.019
387.460205 89.024
390.267914 89.028
393.095947 89.032
395.944489 89.037
398.813660 89.041
401.703613 89.046
404.614532 89.051
407.546539 89.056
410.499786 89.061
413.474426 89.066
416.470642 89.071
419.488556 89.077
422.528351 89.082
425.590179 89.088
428.674194 89.093
431.780548 89.099
434.909393 89.105
438.060913 89.111
441.235291 89.117
444.432678 89.123
447.653229 89.130
450.897095 89.136
454.164490 89.143
457.455566 89.150
460.770477 89.157
464.109406 89.164
467.472534 89.171
470.860046 89.178
474.272095 89.185
477.708862 89.193
481.170532 89.201
484.657288 89.209
488.169312 89.217
491.706787 89.225
495.269897 89.234
498.858826 89.242
502.473755 89.250
506.114899 89.258
509.782410 89.265
513.476501 89.273
517.197388 89.281
520.945190 89.289
524.720154 89.297
528.522522 89.306
532.352417 89.314
536.210083 89.323
540.095703 89.332
544.009460 89.342
547.951599 89.351
551.922302 89.361
555.921753 89.370
559.950195 89.379
564.007812 89.387
568.094849 89.396
572.211487 89.404
576.357971 89.412
580.534485 89.421
584.741272 89.429
588.978577 89.438
593.246582 89.446
597.545471 89.456
601.875549 89.466
606.237000 89.478
610.630066 89.491
615.054932 89.504
619.511902 89.518
624.001160 89.531
628.522949 89.544
633.077515 89.556
637.665039 89.568
642.285828 89.579
646.940125 89.591
651.628113 89.602
656.350098 89.614
661.106262 89.626
665.896912 89.638
670.722290 89.650
675.582642 89.663
680.478210 89.677
685.409241 89.690
690.375977 89.704
695.378723 89.718
700.417725 89.731
705.493225 89.745
710.605530 89.760
715.754883 89.775
720.941528 89.790
726.165771 89.806
731.427856 89.822
736.728088 89.838
742.066711 89.853
747.444031 89.869
752.860291 89.884
758.315857 89.898
763.810913 89.913
769.345825 89.927
774.920837 89.941
780.536255 89.956
786.192322 89.970
791.889404 89.985
797.627747 90.000
803.407715 90.015
809.229553 90.031
815.093567 90.048
821.000061 90.064
826.949341 90.080
832.941772 90.097
838.977600 90.114
845.057190 90.131
851.180847 90.148
857.348877 90.166
863.561584 90.185
869.819336 90.204
876.122375 90.223
882.471130 90.242
888.865906 90.261
895.307007 90.281
901.794800 90.301
908.329590 90.322
914.911743 90.344
921.541565 90.366
928.219421 90.388
934.945679 90.411
941.720703 90.433
948.544800 90.456
955.418335 90.481
962.341675 90.507
969.315186 90.533
976.339233 90.560
983.414185 90.586
990.540405 90.613
997.718262 90.640
1004.948120 90.666
1012.230408 90.693
1019.565430 90.720
1026.953613 90.747
1034.395386 90.774
1041.890991 90.801
1049.440918 90.828
1057.045654 90.857
1064.705444 90.888
1072.420776 90.920
1080.192017 90.953
1088.019531 90.986
1095.903809 91.020
1103.845215 91.054
1111.844116 91.089
1119.901001 91.125
1128.016235 91.163
1136.190308 91.204
1144.423584 91.246
1152.716553 91.288
1161.069580 91.330
1169.483154 91.373
1177.957764 91.416
1186.493774 91.459
1195.091553 91.502
1203.751709 91.546
1212.474609 91.591
1221.260742 91.635
1230.110474 91.680
1239.024414 91.725
1248.002930 91.772
1257.046509 91.823
1266.155640 91.876
1275.330688 91.930
1284.572266 91.985
1293.880859 92.040
1303.256836 92.095
1312.700806 92.150
1322.213135 92.206
1331.794434 92.263
1341.445190 92.319
1351.165894 92.377
1360.957031 92.434
1370.819092 92.492
1380.752563 92.550
1390.758057 92.608
1400.836060 92.665
1410.987061 92.721
1421.211670 92.775
1431.510376 92.830
1441.883667 92.884
1452.332153 92.939
1462.856323 92.995
1473.456787 93.051
1484.134033 93.107
1494.888672 93.164
1505.721191 93.223
1516.632324 93.286
1527.622437 93.350
1538.692261 93.415
1549.842285 93.479
1561.073120 93.544
1572.385254 93.610
1583.779419 93.675
1595.256104 93.743
1606.816040 93.813
1618.459717 93.886
1630.187744 93.959
1642.000732 94.033
1653.899292 94.107
1665.884155 94.182
1677.955811 94.258
1690.114990 94.335
1702.362305 94.414
1714.698364 94.494
1727.123779 94.576
1739.639282 94.659
1752.245483 94.743
1764.942993 94.827
1777.732544 94.912
1790.614746 94.998
1803.590332 95.086
1816.659912 95.175
1829.824219 95.266
1843.083862 95.357
1856.439575 95.450
1869.892090 95.542
1883.442139 95.636
1897.090332 95.731
1910.837402 95.826
1924.684082 95.923
1938.631104 96.021
1952.679199 96.119
1966.829102 96.219
1981.081543 96.317
1995.437256 96.415
2009.896973 96.509
2024.461548 96.594
2039.131592 96.677
2053.907959 96.762
2068.791504 96.848
2083.782715 96.935
2098.882568 97.022
2114.092041 97.109
2129.411621 97.195
2144.842285 97.281
2160.384766 97.367
2176.039795 97.453
2191.808350 97.541
2207.691162 97.629
2223.688965 97.717
2239.802734 97.803
2256.033203 97.888
2272.381348 97.972
2288.847900 98.056
2305.433838 98.141
2322.139893 98.226
2338.967041 98.309
2355.916260 98.389
2372.988281 98.464
2390.183838 98.535
2407.504150 98.602
2424.949951 98.668
2442.522217 98.736
2460.221680 98.803
2478.049561 98.870
2496.006592 98.934
2514.093750 98.994
2532.312012 99.052
2550.662109 99.107
2569.145264 99.161
2587.762451 99.216
2606.514404 99.271
2625.402344 99.327
2644.427002 99.380
2663.589600 99.429
2682.891113 99.474
2702.332520 99.518
2721.914795 99.561
2741.638916 99.606
2761.505859 99.650
2781.516846 99.696
2801.672852 99.735
2821.974854 99.761
2842.424072 99.784
2863.021484 99.806
2883.768066 99.829
2904.665039 99.852
2925.713379 99.876
2946.914307 99.899
2968.268799 99.922
2989.778076 99.944
3011.443359 99.963
3033.265625 99.980
3055.245850 99.996
3077.385498 100.012
3099.685547 100.027
3122.147217 100.041
3144.771484 100.052
3167.559814 100.059
3190.513184 100.062
3213.633057 100.062
3236.920410 100.060
3260.376465 100.060
3284.002441 100.059
3307.799561 100.058
3331.769287 100.056
3355.912598 100.051
3380.230957 100.043
3404.725586 100.031
3429.397705 100.017
3454.248535 100.005
3479.279541 99.992
3504.491943 99.979
3529.886963 99.965
3555.466064 99.948
3581.230469 99.928
3607.181641 99.904
3633.320801 99.880
3659.649414 99.856
3686.168701 99.832
3712.880127 99.808
3739.785156 99.784
3766.885254 99.758
3794.181641 99.732
3821.675781 99.706
3849.369141 99.679
3877.263184 99.652
3905.359375 99.625
3933.659180 99.598
3962.164062 99.571
3990.875488 99.542
4019.794922 99.511
4048.924072 99.480
4078.264160 99.448
4107.816895 99.415
4137.583984 99.382
4167.566406 99.349
4197.766113 99.315
4228.185059 99.281
4258.824219 99.246
4289.685547 99.210
4320.770508 99.173
4352.080566 99.136
4383.617676 99.099
4415.383301 99.062
4447.378906 99.024
4479.606445 98.986
4512.067383 98.947
4544.763672 98.908
4577.696777 98.868
4610.868652 98.829
4644.280762 98.789
4677.935059 98.748
4711.833496 98.708
4745.977539 98.667
4780.368652 98.626
4815.009277 98.585
4849.900879 98.544
4885.045410 98.503
4920.444336 98.461
4956.100098 98.418
4992.014160 98.377
5028.188477 98.339
5064.625000 98.303
5101.325195 98.267
5138.291504 98.231
5175.525879 98.194
5213.029785 98.157
5250.805664 98.120
5288.854980 98.082
5327.180176 98.044
5365.783203 98.005
5404.666016 97.965
5443.830566 97.925
5483.278809 97.885
5523.012695 97.844
5563.034668 97.805
5603.346680 97.766
5643.950684 97.729
5684.849121 97.693
5726.043945 97.658
5767.537109 97.623
5809.331055 97.588
5851.427734 97.552
5893.829590 97.516
5936.538574 97.479
5979.557129 97.440
6022.887695 97.395
6066.532227 97.337
6110.492676 97.276
6154.771973 97.216
6199.372070 97.156
6244.295410 97.095
6289.543945 97.035
6335.120605 96.976
6381.027344 96.918
6427.267090 96.860
6473.841797 96.802
6520.753906 96.743
6568.005859 96.684
6615.600098 96.625
6663.539551 96.563
6711.826172 96.494
6760.462891 96.422
6809.452148 96.347
6858.796387 96.269
6908.498047 96.192
6958.560059 96.113
7008.984863 96.036
7059.774902 95.954
7110.933105 95.866
7162.461914 95.773
7214.364258 95.675
7266.642578 95.574
7319.299805 95.474
7372.338379 95.373
7425.761230 95.271
7479.571289 95.170
7533.771484 95.070
7588.364258 94.971
7643.352539 94.872
7698.739258 94.773
7754.527344 94.674
7810.719727 94.573
7867.319336 94.472
7924.329102 94.369
7981.751953 94.264
8039.590820 94.155
8097.849121 94.039
8156.529297 93.920
8215.634766 93.801
8275.168945 93.682
8335.133789 93.561
8395.533203 93.440
8456.371094 93.317
8517.649414 93.191
8579.372070 93.058
8641.541992 92.924
8704.162109 92.788
8767.236328 92.652
8830.767578 92.514
8894.758789 92.375
8959.213867 92.234
9024.135742 92.091
9089.528320 91.945
9155.394531 91.797
9221.738281 91.647
9288.562500 91.496
9355.871094 91.344
9423.667969 91.190
9491.956055 91.035
9560.738281 90.877
9630.019531 90.718
9699.802734 90.556
9770.091797 90.394
9840.889648 90.231
9912.201172 90.069
9984.029297 89.911
10056.377930 89.759
10129.250977 89.612
10202.651367 89.468
10276.583984 89.326
10351.052734 89.181
10426.060547 89.035
10501.612305 88.889
10577.710938 88.741
10654.361328 88.592
10731.567383 88.442
10809.333008 88.292
10887.662109 88.140
10966.558594 87.987
11046.026367 87.832
11126.070312 87.677
11206.694336 87.521
11287.902344 87.366
11369.699219 87.210
11452.088867 87.052
11535.075195 86.894
11618.663086 86.733
11702.856445 86.574
11787.660156 86.423
11873.078125 86.277
11959.115234 86.137
12045.776367 85.998
12133.065430 85.859
12220.986328 85.720
12309.544922 85.580
12398.745117 85.439
12488.591797 85.298
12579.088867 85.158
12670.242188 85.017
12762.055664 84.877
12854.535156 84.735
12947.684570 84.592
13041.508789 84.449
13136.012695 84.308
13231.201172 84.170
13327.080078 84.034
13423.653320 83.904
13520.926758 83.774
13618.905273 83.642
13717.593750 83.509
13816.997070 83.375
13917.121094 83.243
14017.970703 83.113
14119.550781 82.986
14221.867188 82.864
14324.924805 82.743
14428.729492 82.620
14533.286133 82.496
14638.600586 82.371
14744.677734 82.245
14851.523438 82.121
14959.143555 81.988
15067.543945 81.839
15176.729492 81.683
15286.706055 81.523
15397.479492 81.362
15509.055664 81.199
15621.440430 81.035
15734.639648 80.872
15848.659180 80.702
15963.504883 80.517
16079.182617 80.319
16195.699219 80.107
16313.059570 79.887
16431.271484 79.663
16550.339844 79.436
16670.269531 79.209
16791.068359 78.976
16912.744141 78.731
17035.300781 78.469
17158.746094 78.184
17283.085938 77.887
17408.326172 77.581
17534.474609 77.270
17661.537109 76.960
17789.519531 76.645
17918.429688 76.323
18048.273438 75.979
18179.058594 75.601
18310.791016 75.209
18443.478516 74.816
18577.126953 74.420
18711.744141 74.022
18847.337891 73.617
18983.914062 73.200
19121.478516 72.769
19260.041016 72.317
19399.607422 71.858
19540.185547 71.394
19681.781250 70.929
19824.404297 70.463
19968.060547 70.000
20000.000000 70.000
