* Measurement data measured by REW V5.20
* Source: Input device not selected, no input selected, R, volume: no control
* Format: 512k Log Swept Sine, 1 sweep at -12.0 dBFS with no timing reference
* Dated: Jun 17, 2021 12:11:04 AM
* REW Settings:
*  C-weighting compensation: Off
*  Target level: 75.0 dB
* Note: ; 
* Measurement: est7 R
* Smoothing: 1/12 octave
* Frequency Step: 1/48 octave
* Start Frequency: 20.000 Hz
*
* Freq(Hz)	SPL(dB)	Phase(degrees)
20.000000	54.018570	-165.7343
20.299999	54.011124	-166.7641
20.600000	53.998314	-167.7750
20.900000	53.981289	-168.7538
21.200001	53.962128	-169.6907
21.400000	53.949688	-170.2903
21.799999	53.928444	-171.4364
22.000000	53.920918	-171.9900
22.400000	53.913559	-173.0798
22.700001	53.913937	-173.9015
23.000000	53.917046	-174.7404
23.299999	53.919983	-175.5960
23.600000	53.920689	-176.4587
24.000000	53.916630	-177.5968
24.299999	53.910618	-178.4256
24.700001	53.901077	-179.4933
25.000000	53.893780	-180.2766
25.400000	53.882427	-181.3184
25.799999	53.864006	-182.3660
26.200001	53.833015	-183.3952
26.500000	53.800877	-184.1256
26.900000	53.749763	-185.0120
27.200001	53.710102	-185.6055
27.600000	53.661766	-186.3231
28.000000	53.621902	-187.0066
28.500000	53.580093	-187.8793
29.000000	53.538143	-188.7808
29.500000	53.493866	-189.6643
30.000000	53.455170	-190.5017
30.400000	53.434109	-191.1622
30.700001	53.424587	-191.6749
31.100000	53.417110	-192.4050
31.500000	53.410419	-193.1938
32.000000	53.394951	-194.2392
32.500000	53.365189	-195.2955
33.000000	53.319130	-196.2897
33.500000	53.260376	-197.1595
34.000000	53.197945	-197.8737
34.500000	53.142365	-198.4565
35.000000	53.099503	-198.9748
35.500000	53.068611	-199.5135
36.000000	53.043102	-200.1426
36.500000	53.012627	-200.9003
37.000000	52.964920	-201.7720
37.500000	52.893837	-202.6832
38.200001	52.770607	-203.8792
38.700001	52.686516	-204.6999
39.500000	52.556595	-206.2037
40.000000	52.448502	-207.1869
40.599998	52.288483	-208.0523
41.200001	52.158974	-208.3628
41.799999	52.127296	-208.4301
42.500000	52.195869	-208.8811
43.099998	52.259892	-209.7402
43.700001	52.283531	-210.7335
44.400002	52.273235	-211.7421
45.000000	52.253674	-212.4476
45.500000	52.233810	-212.9682
46.200001	52.200794	-213.6304
46.799999	52.169804	-214.1746
47.500000	52.128891	-214.8400
48.200001	52.078392	-215.5378
48.700001	52.038216	-216.0311
49.400002	51.985149	-216.6941
50.000000	51.951893	-217.2545
50.799999	51.932484	-218.0973
51.500000	51.922604	-219.0458
52.200001	51.883842	-220.1492
53.000000	51.782677	-221.2820
53.799999	51.651440	-221.9986
54.500000	51.549095	-222.3312
55.200001	51.472790	-222.5602
56.000000	51.413601	-222.8908
57.000000	51.349476	-223.6055
58.000000	51.254028	-224.5430
59.000000	51.134495	-225.4001
60.000000	51.028297	-226.1167
60.799999	50.959122	-226.6696
61.500000	50.900810	-227.1448
62.200001	50.840263	-227.5583
63.000000	50.776291	-227.9190
64.000000	50.720032	-228.3023
65.000000	50.687244	-228.7838
66.000000	50.669266	-229.4019
67.000000	50.671982	-230.1633
68.000000	50.690063	-231.1226
69.000000	50.697872	-232.2440
70.000000	50.660244	-233.3655
71.000000	50.554943	-234.1683
72.000000	50.407063	-234.4461
73.000000	50.252243	-234.3702
74.000000	50.103058	-234.2274
75.000000	49.969303	-234.2499
76.199997	49.848522	-234.7861
77.500000	49.754860	-236.1974
78.800003	49.661293	-237.8870
80.000000	49.625366	-239.0267
81.199997	49.655998	-239.8358
82.500000	49.694069	-240.3961
83.800003	49.696785	-240.6886
85.000000	49.636726	-241.0019
86.199997	49.487804	-241.3719
87.500000	49.279007	-241.5882
88.500000	49.162113	-241.7851
90.000000	49.076931	-242.6645
91.199997	49.038452	-243.6620
92.500000	49.019119	-244.6385
93.800003	49.009693	-245.4496
95.000000	48.973198	-246.0090
96.199997	48.891357	-246.2548
97.500000	48.774708	-246.0826
98.800003	48.684589	-245.7254
100.000000	48.635910	-245.7236
101.500000	48.562706	-246.4181
103.000000	48.454731	-247.5062
104.400002	48.356800	-248.5719
106.000000	48.272171	-249.5894
107.500000	48.232521	-250.2343
109.000000	48.211311	-250.7194
110.599998	48.165562	-251.1616
112.000000	48.096992	-251.4837
113.800003	48.002480	-251.8703
115.000000	47.952103	-252.1944
117.199997	47.879768	-252.9529
118.000000	47.854095	-253.2434
120.599998	47.759048	-254.1219
122.000000	47.699451	-254.5739
124.099998	47.605110	-255.2185
125.000000	47.568241	-255.4718
126.500000	47.516365	-255.8775
128.000000	47.474205	-256.2939
131.500000	47.374886	-257.4053
132.000000	47.358013	-257.5609
134.000000	47.291237	-258.0685
136.000000	47.240143	-258.3838
138.000000	47.203148	-258.6292
140.000000	47.167400	-258.9726
143.000000	47.096657	-259.8892
145.000000	47.036831	-260.6477
147.500000	46.957558	-261.4903
150.000000	46.870899	-262.2286
152.500000	46.763718	-263.0000
155.000000	46.663467	-263.7965
157.500000	46.607410	-264.5823
160.000000	46.577156	-265.3685
162.500000	46.529606	-266.1186
165.000000	46.467026	-266.7191
167.500000	46.424339	-267.1519
170.000000	46.397053	-267.5402
172.500000	46.356316	-267.9556
175.000000	46.302254	-268.4435
177.500000	46.249920	-268.9997
180.000000	46.204933	-269.5510
182.500000	46.162098	-270.0642
185.000000	46.118446	-270.5576
187.500000	46.078560	-271.0619
190.000000	46.042496	-271.5838
192.500000	46.006157	-272.1028
195.000000	45.967216	-272.6042
197.500000	45.926735	-273.0764
200.000000	45.887569	-273.5228
203.000000	45.842621	-274.0495
206.000000	45.798824	-274.5733
209.000000	45.755856	-275.0929
212.000000	45.713074	-275.6374
214.000000	45.684582	-276.0285
218.000000	45.632889	-276.8203
220.000000	45.611927	-277.1927
224.000000	45.574409	-277.9215
227.000000	45.545158	-278.4893
230.000000	45.514790	-279.0504
233.000000	45.483074	-279.5711
236.000000	45.450768	-280.0592
240.000000	45.411358	-280.6867
243.000000	45.383759	-281.1323
247.000000	45.345024	-281.6956
250.000000	45.316437	-282.1145
254.000000	45.282799	-282.6723
258.000000	45.251747	-283.2347
262.000000	45.219624	-283.8121
265.000000	45.193878	-284.2469
269.000000	45.158020	-284.8069
272.000000	45.131943	-285.2049
276.000000	45.098423	-285.7095
280.000000	45.064892	-286.1794
285.000000	45.029488	-286.7407
290.000000	45.007442	-287.3654
295.000000	44.991825	-288.0700
300.000000	44.974461	-288.7580
304.000000	44.957935	-289.2553
307.000000	44.944061	-289.6060
311.000000	44.924957	-290.0621
315.000000	44.906582	-290.5119
320.000000	44.884323	-291.0621
325.000000	44.862457	-291.5889
330.000000	44.842377	-292.0872
335.000000	44.825508	-292.5721
340.000000	44.810398	-293.0606
345.000000	44.796043	-293.5565
350.000000	44.781792	-294.0518
355.000000	44.766075	-294.5312
360.000000	44.749779	-294.9860
365.000000	44.734894	-295.4205
370.000000	44.722416	-295.8400
375.000000	44.711449	-296.2487
382.000000	44.695538	-296.8035
387.000000	44.683739	-297.1840
395.000000	44.667332	-297.7904
400.000000	44.659138	-298.1786
406.000000	44.650200	-298.6516
412.000000	44.640991	-299.1192
418.000000	44.632610	-299.5565
425.000000	44.625633	-300.0183
431.000000	44.620674	-300.3946
437.000000	44.615185	-300.7702
444.000000	44.608498	-301.2039
450.000000	44.603176	-301.5752
455.000000	44.599007	-301.8890
462.000000	44.592579	-302.3256
468.000000	44.586342	-302.6792
475.000000	44.579006	-303.0549
482.000000	44.572418	-303.3911
487.000000	44.568069	-303.6179
494.000000	44.563049	-303.9390
500.000000	44.560856	-304.2268
508.000000	44.559242	-304.6098
515.000000	44.555710	-304.9200
522.000000	44.550262	-305.2098
530.000000	44.545448	-305.5411
538.000000	44.543716	-305.8683
545.000000	44.543129	-306.1290
552.000000	44.541489	-306.3665
560.000000	44.537342	-306.6295
570.000000	44.529793	-306.9584
580.000000	44.522331	-307.2746
590.000000	44.516346	-307.5620
600.000000	44.512726	-307.8105
608.000000	44.509815	-307.9759
615.000000	44.506134	-308.0988
622.000000	44.501869	-308.2180
630.000000	44.497868	-308.3672
640.000000	44.495491	-308.5608
650.000000	44.494316	-308.7218
660.000000	44.492401	-308.8335
670.000000	44.490601	-308.9086
680.000000	44.491470	-308.9641
690.000000	44.494507	-309.0035
700.000000	44.496452	-309.0264
710.000000	44.497448	-309.0322
720.000000	44.499912	-309.0224
730.000000	44.504501	-309.0045
740.000000	44.510483	-308.9779
750.000000	44.517578	-308.9341
762.000000	44.527924	-308.8505
775.000000	44.542168	-308.7139
788.000000	44.561863	-308.5500
800.000000	44.585358	-308.3903
812.000000	44.611580	-308.2088
825.000000	44.643612	-307.9895
838.000000	44.680649	-307.7589
850.000000	44.717934	-307.5281
862.000000	44.758396	-307.2769
875.000000	44.807705	-306.9824
885.000000	44.849697	-306.7414
900.000000	44.919483	-306.3781
912.000000	44.982101	-306.1081
925.000000	45.055515	-305.8290
938.000000	45.133614	-305.5451
950.000000	45.210899	-305.2754
962.000000	45.293320	-305.0073
975.000000	45.386559	-304.7293
988.000000	45.482868	-304.4743
1000.000000	45.576164	-304.2701
1015.000000	45.701244	-304.0649
1030.000000	45.832943	-303.9059
1044.000000	45.958294	-303.7932
1060.000000	46.103462	-303.7093
1075.000000	46.240646	-303.6733
1090.000000	46.378521	-303.6780
1106.000000	46.526333	-303.7334
1120.000000	46.654980	-303.8291
1138.000000	46.817154	-304.0204
1150.000000	46.922882	-304.1877
1172.000000	47.111698	-304.5540
1180.000000	47.178738	-304.7015
1206.000000	47.391533	-305.2248
1220.000000	47.501713	-305.5314
1241.000000	47.657520	-306.0197
1250.000000	47.720909	-306.2383
1265.000000	47.823074	-306.6118
1280.000000	47.921776	-306.9928
1315.000000	48.139420	-307.8947
1320.000000	48.168945	-308.0254
1340.000000	48.283058	-308.5516
1360.000000	48.391895	-309.0666
1380.000000	48.496918	-309.5529
1400.000000	48.598087	-310.0148
1430.000000	48.743671	-310.6909
1450.000000	48.837311	-311.1421
1475.000000	48.951065	-311.7037
1500.000000	49.062317	-312.2520
1525.000000	49.171562	-312.7812
1550.000000	49.278473	-313.2984
1575.000000	49.383465	-313.8034
1600.000000	49.488209	-314.2936
1625.000000	49.593861	-314.7775
1650.000000	49.700649	-315.2560
1675.000000	49.808243	-315.7280
1700.000000	49.916451	-316.1974
1725.000000	50.025566	-316.6670
1750.000000	50.135983	-317.1413
1775.000000	50.248096	-317.6275
1800.000000	50.362167	-318.1286
1825.000000	50.478035	-318.6490
1850.000000	50.595177	-319.2013
1875.000000	50.712639	-319.7955
1900.000000	50.829155	-320.4302
1925.000000	50.943054	-321.0968
1950.000000	51.053272	-321.7850
1975.000000	51.159916	-322.4865
2000.000000	51.263760	-323.2001
2030.000000	51.385490	-324.0833
2060.000000	51.503418	-325.0111
2090.000000	51.616024	-325.9871
2120.000000	51.722580	-327.0034
2140.000000	51.790085	-327.7000
2180.000000	51.914433	-329.1257
2200.000000	51.970207	-329.8483
2240.000000	52.067741	-331.3019
2270.000000	52.129051	-332.3937
2300.000000	52.181694	-333.4865
2330.000000	52.226875	-334.5804
2360.000000	52.265076	-335.6699
2400.000000	52.305229	-337.0972
2430.000000	52.327419	-338.1369
2470.000000	52.347488	-339.4757
2500.000000	52.356640	-340.4466
2540.000000	52.362724	-341.7020
2580.000000	52.362679	-342.9153
2620.000000	52.356346	-344.0902
2650.000000	52.347725	-344.9494
2690.000000	52.331760	-346.0673
2720.000000	52.316246	-346.8813
2760.000000	52.290535	-347.9248
2800.000000	52.259911	-348.9090
2850.000000	52.216377	-350.0385
2900.000000	52.168186	-351.0375
2950.000000	52.119461	-351.8872
3000.000000	52.079407	-352.5881
3040.000000	52.061569	-353.0608
3070.000000	52.060043	-353.3842
3110.000000	52.076012	-353.8124
3150.000000	52.110870	-354.2868
3200.000000	52.170414	-355.0072
3250.000000	52.231281	-355.8857
3300.000000	52.282089	-356.8820
3350.000000	52.321507	-357.9413
3400.000000	52.353882	-359.0259
3450.000000	52.383255	-360.1249
3500.000000	52.410450	-361.2523
3550.000000	52.433506	-362.4267
3600.000000	52.448448	-363.6573
3650.000000	52.450912	-364.9398
3700.000000	52.438049	-366.2541
3750.000000	52.408714	-367.5595
3820.000000	52.341854	-369.2921
3870.000000	52.280907	-370.4309
3950.000000	52.175331	-372.0797
4000.000000	52.110828	-373.0339
4060.000000	52.038136	-374.1567
4120.000000	51.969444	-375.2964
4180.000000	51.900143	-376.4677
4250.000000	51.810970	-377.8712
4310.000000	51.721992	-379.0978
4370.000000	51.618584	-380.3248
4440.000000	51.480717	-381.7241
4500.000000	51.351753	-382.8806
4550.000000	51.239384	-383.8065
4620.000000	51.075951	-385.0356
4680.000000	50.928776	-386.0262
4750.000000	50.745747	-387.1154
4820.000000	50.547665	-388.1371
4870.000000	50.396111	-388.8219
4940.000000	50.170105	-389.7036
5000.000000	49.964115	-390.3721
5080.000000	49.672150	-391.1093
5150.000000	49.402225	-391.5803
5220.000000	49.122597	-391.8619
5300.000000	48.795784	-391.9271
5380.000000	48.466465	-391.7005
5450.000000	48.182770	-391.2618
5520.000000	47.909184	-390.6078
5600.000000	47.613689	-389.6074
5700.000000	47.277206	-387.9935
5800.000000	46.985916	-386.0274
5900.000000	46.746796	-383.7958
6000.000000	46.566715	-381.3673
6080.000000	46.469692	-379.3151
6150.000000	46.420830	-377.4554
6220.000000	46.407204	-375.5474
6300.000000	46.437618	-373.3315
6400.000000	46.548923	-370.5667
6500.000000	46.744461	-367.8819
6600.000000	47.025734	-365.3681
6700.000000	47.394226	-363.1307
6800.000000	47.848961	-361.2862
6900.000000	48.381687	-359.9873
7000.000000	48.971676	-359.4458
7100.000000	49.579212	-359.8949
7200.000000	50.145603	-361.4988
7300.000000	50.600956	-364.2442
7400.000000	50.879539	-367.8175
7500.000000	50.942371	-371.5452
7620.000000	50.757614	-374.9774
7750.000000	50.426826	-376.1727
7880.000000	50.315483	-374.8662
8000.000000	50.638653	-373.0042
8120.000000	51.303078	-372.3897
8250.000000	52.122181	-374.4071
8380.000000	52.787144	-379.1998
8500.000000	53.157372	-385.2862
8620.000000	53.276749	-392.0811
8750.000000	53.146481	-399.4770
8850.000000	52.885773	-404.8606
9000.000000	52.273209	-412.0807
9120.000000	51.620514	-416.9115
9250.000000	50.776505	-421.0092
9380.000000	49.818916	-423.7689
9500.000000	48.868023	-425.0500
9620.000000	47.891144	-425.1272
9750.000000	46.849083	-423.9509
9880.000000	45.869133	-421.6409
10000.000000	45.052341	-418.7028
10150.000000	44.181355	-414.2462
10300.000000	43.494072	-409.2403
10440.000000	43.016445	-404.3304
10600.000000	42.645981	-398.6886
10750.000000	42.443314	-393.5548
10900.000000	42.355049	-388.7084
11060.000000	42.364281	-383.9501
11200.000000	42.443756	-380.1733
11380.000000	42.624374	-375.8668
11500.000000	42.787956	-373.3561
11720.000000	43.160774	-369.6479
11800.000000	43.308418	-368.6379
12060.000000	43.747425	-366.6898
12200.000000	43.915676	-366.3849
12410.000000	44.031929	-366.5446
12500.000000	44.026169	-366.7091
12650.000000	43.943226	-366.9218
12800.000000	43.777760	-366.8765
13150.000000	43.169331	-364.9998
13200.000000	43.068886	-364.4933
13400.000000	42.670597	-361.8575
13600.000000	42.321758	-358.2886
13800.000000	42.070869	-353.8605
14000.000000	41.958809	-348.6316
14300.000000	42.139999	-339.6043
14500.000000	42.536507	-333.3416
14750.000000	43.332432	-326.1636
15000.000000	44.362408	-320.6129
15250.000000	45.494019	-317.1536
15500.000000	46.701149	-315.6833
15750.000000	47.990116	-316.8281
16000.000000	49.116714	-322.4529
16250.000000	49.646252	-332.9045
16500.000000	49.298714	-344.6437
16750.000000	48.126091	-352.7937
17000.000000	46.430653	-355.2166
17250.000000	44.588547	-352.7853
17500.000000	42.918365	-347.4068
17750.000000	41.611496	-340.7967
18000.000000	40.721306	-334.2752
18250.000000	40.191818	-328.9094
18500.000000	39.888771	-325.5641
18750.000000	39.625179	-324.7643
19000.000000	39.203072	-326.3831
19250.000000	38.478100	-329.4689
19500.000000	37.430058	-332.6444
19750.000000	36.236595	-334.9042
20000.000000	35.333630	-336.0141
