* Measurement data measured by REW V5.20.5
* Source: Input device not selected, no input selected, L, volume: no control
* Format: 512k Log Swept Sine, 1 sweep at -12.0 dBFS with no timing reference
* Dated: Nov 22, 2022 3:33:44 AM
* REW Settings:
*  C-weighting compensation: Off
*  Target level: 75.0 dB
* Note: ; 
* Measurement: dusk w1 L
* Smoothing: 1/12 octave
* Frequency Step: 1/48 octave
* Start Frequency: 20.000 Hz
*
* Freq(Hz)	SPL(dB)	Phase(degrees)
20.000000	117.370	29.8376
20.299999	117.389	29.0867
20.600000	117.407	28.3658
20.900000	117.426	27.6705
21.200001	117.443	26.9966
21.400000	117.454	26.5579
21.799999	117.474	25.7057
22.000000	117.482	25.2921
22.400000	117.495	24.4898
22.700001	117.503	23.9072
23.000000	117.509	23.3368
23.299999	117.514	22.7744
23.600000	117.516	22.2178
24.000000	117.515	21.4839
24.299999	117.512	20.9415
24.700001	117.505	20.2318
25.000000	117.500	19.7094
25.400000	117.492	19.0219
25.799999	117.486	18.3375
26.200001	117.481	17.6516
26.500000	117.477	17.1368
26.900000	117.472	16.4550
27.200001	117.468	15.9518
27.600000	117.463	15.2974
28.000000	117.459	14.6660
28.500000	117.456	13.9119
29.000000	117.454	13.1956
29.500000	117.453	12.5123
30.000000	117.452	11.8544
30.400000	117.448	11.3436
30.700001	117.444	10.9704
31.100000	117.435	10.4898
31.500000	117.423	10.0317
32.000000	117.405	9.4884
32.500000	117.387	8.9613
33.000000	117.369	8.4273
33.500000	117.349	7.8748
34.000000	117.325	7.3110
34.500000	117.300	6.7516
35.000000	117.274	6.2053
35.500000	117.252	5.6711
36.000000	117.234	5.1451
36.500000	117.220	4.6270
37.000000	117.209	4.1186
37.500000	117.199	3.6216
38.200001	117.187	2.9549
38.700001	117.177	2.5120
39.500000	117.160	1.8665
40.000000	117.148	1.4813
40.599998	117.130	1.0135
41.200001	117.101	0.5426
41.799999	117.063	0.0938
42.500000	117.011	-0.3786
43.099998	116.967	-0.7568
43.700001	116.929	-1.1519
44.400002	116.885	-1.6533
45.000000	116.845	-2.0710
45.500000	116.818	-2.3683
46.200001	116.803	-2.7390
46.799999	116.815	-3.1354
47.500000	116.835	-3.8000
48.200001	116.828	-4.5750
48.700001	116.803	-5.0684
49.400002	116.759	-5.5751
50.000000	116.727	-5.8744
50.799999	116.698	-6.2148
51.500000	116.677	-6.5292
52.200001	116.653	-6.8610
53.000000	116.619	-7.2423
53.799999	116.583	-7.6197
54.500000	116.550	-7.9529
55.200001	116.518	-8.2927
56.000000	116.482	-8.6854
57.000000	116.438	-9.1757
58.000000	116.397	-9.6627
59.000000	116.354	-10.1313
60.000000	116.311	-10.5681
60.799999	116.276	-10.8988
61.500000	116.245	-11.1803
62.200001	116.215	-11.4586
63.000000	116.180	-11.7770
64.000000	116.136	-12.1790
65.000000	116.092	-12.5820
66.000000	116.048	-12.9773
67.000000	116.005	-13.3575
68.000000	115.964	-13.7236
69.000000	115.923	-14.0778
70.000000	115.880	-14.4180
71.000000	115.835	-14.7437
72.000000	115.790	-15.0560
73.000000	115.744	-15.3585
74.000000	115.700	-15.6583
75.000000	115.657	-15.9606
76.199997	115.607	-16.3231
77.500000	115.554	-16.7064
78.800003	115.500	-17.0758
80.000000	115.450	-17.4000
81.199997	115.401	-17.7145
82.500000	115.347	-18.0625
83.800003	115.291	-18.4079
85.000000	115.238	-18.7051
86.199997	115.186	-18.9846
87.500000	115.130	-19.2775
88.500000	115.086	-19.4955
90.000000	115.020	-19.8026
91.199997	114.969	-20.0346
92.500000	114.915	-20.2870
93.800003	114.860	-20.5404
95.000000	114.808	-20.7622
96.199997	114.754	-20.9700
97.500000	114.697	-21.1871
98.800003	114.641	-21.4052
100.000000	114.591	-21.6121
101.500000	114.532	-21.8830
103.000000	114.473	-22.1552
104.400002	114.419	-22.3892
106.000000	114.356	-22.6272
107.500000	114.296	-22.8306
109.000000	114.235	-23.0268
110.599998	114.169	-23.2334
112.000000	114.111	-23.4075
113.800003	114.038	-23.6168
115.000000	113.990	-23.7472
117.199997	113.903	-23.9663
118.000000	113.871	-24.0403
120.599998	113.765	-24.2679
122.000000	113.708	-24.3862
124.099998	113.624	-24.5649
125.000000	113.589	-24.6412
126.500000	113.530	-24.7632
128.000000	113.471	-24.8753
131.500000	113.335	-25.1074
132.000000	113.316	-25.1388
134.000000	113.240	-25.2610
136.000000	113.167	-25.3758
138.000000	113.096	-25.4799
140.000000	113.025	-25.5618
143.000000	112.915	-25.6330
145.000000	112.842	-25.6736
147.500000	112.750	-25.7360
150.000000	112.659	-25.7943
152.500000	112.570	-25.8324
155.000000	112.483	-25.8456
157.500000	112.396	-25.8390
160.000000	112.309	-25.8208
162.500000	112.224	-25.7956
165.000000	112.143	-25.7578
167.500000	112.064	-25.7025
170.000000	111.986	-25.6367
172.500000	111.908	-25.5694
175.000000	111.831	-25.5005
177.500000	111.755	-25.4203
180.000000	111.681	-25.3207
182.500000	111.607	-25.2022
185.000000	111.534	-25.0717
187.500000	111.461	-24.9352
190.000000	111.391	-24.7953
192.500000	111.323	-24.6534
195.000000	111.257	-24.5090
197.500000	111.193	-24.3584
200.000000	111.130	-24.1970
203.000000	111.056	-23.9872
206.000000	110.982	-23.7633
209.000000	110.910	-23.5322
212.000000	110.840	-23.3015
214.000000	110.796	-23.1477
218.000000	110.711	-22.8303
220.000000	110.670	-22.6645
224.000000	110.588	-22.3225
227.000000	110.527	-22.0617
230.000000	110.469	-21.7978
233.000000	110.413	-21.5280
236.000000	110.360	-21.2507
240.000000	110.294	-20.8681
243.000000	110.249	-20.5687
247.000000	110.192	-20.1623
250.000000	110.149	-19.8710
254.000000	110.089	-19.5035
258.000000	110.031	-19.1417
262.000000	109.979	-18.7717
265.000000	109.943	-18.4828
269.000000	109.897	-18.0842
272.000000	109.863	-17.7817
276.000000	109.822	-17.3836
280.000000	109.784	-17.0003
285.000000	109.738	-16.5405
290.000000	109.695	-16.0821
295.000000	109.656	-15.6115
300.000000	109.622	-15.1392
304.000000	109.598	-14.7740
307.000000	109.582	-14.5097
311.000000	109.561	-14.1655
315.000000	109.541	-13.8227
320.000000	109.518	-13.3920
325.000000	109.499	-12.9666
330.000000	109.483	-12.5547
335.000000	109.468	-12.1593
340.000000	109.455	-11.7762
345.000000	109.445	-11.4017
350.000000	109.437	-11.0380
355.000000	109.430	-10.6861
360.000000	109.423	-10.3440
365.000000	109.419	-10.0083
370.000000	109.416	-9.6735
375.000000	109.414	-9.3424
382.000000	109.413	-8.9020
387.000000	109.415	-8.6057
395.000000	109.417	-8.1541
400.000000	109.419	-7.8803
406.000000	109.422	-7.5600
412.000000	109.425	-7.2486
418.000000	109.429	-6.9451
425.000000	109.434	-6.6013
431.000000	109.441	-6.3177
437.000000	109.451	-6.0450
444.000000	109.462	-5.7459
450.000000	109.471	-5.5080
455.000000	109.478	-5.3181
462.000000	109.487	-5.0563
468.000000	109.495	-4.8321
475.000000	109.504	-4.5736
482.000000	109.513	-4.3283
487.000000	109.519	-4.1654
494.000000	109.529	-3.9480
500.000000	109.538	-3.7565
508.000000	109.550	-3.4843
515.000000	109.560	-3.2452
522.000000	109.571	-3.0170
530.000000	109.584	-2.7692
538.000000	109.598	-2.5347
545.000000	109.612	-2.3430
552.000000	109.626	-2.1642
560.000000	109.641	-1.9738
570.000000	109.658	-1.7529
580.000000	109.673	-1.5425
590.000000	109.686	-1.3333
600.000000	109.699	-1.1241
608.000000	109.708	-0.9573
615.000000	109.717	-0.8117
622.000000	109.725	-0.6665
630.000000	109.733	-0.5031
640.000000	109.743	-0.3028
650.000000	109.754	-0.1023
660.000000	109.764	0.1056
670.000000	109.774	0.3258
680.000000	109.784	0.5562
690.000000	109.794	0.7913
700.000000	109.804	1.0265
710.000000	109.815	1.2598
720.000000	109.826	1.4946
730.000000	109.837	1.7383
740.000000	109.849	1.9972
750.000000	109.863	2.2730
762.000000	109.881	2.6200
775.000000	109.903	3.0020
788.000000	109.927	3.3808
800.000000	109.952	3.7335
812.000000	109.980	4.0999
825.000000	110.015	4.5143
838.000000	110.055	4.9430
850.000000	110.095	5.3430
862.000000	110.138	5.7393
875.000000	110.189	6.1620
885.000000	110.232	6.4851
900.000000	110.303	6.9693
912.000000	110.365	7.3544
925.000000	110.438	7.7644
938.000000	110.516	8.1596
950.000000	110.594	8.5052
962.000000	110.677	8.8271
975.000000	110.772	9.1449
988.000000	110.873	9.4288
1000.000000	110.971	9.6622
1015.000000	111.099	9.9178
1030.000000	111.231	10.1265
1044.000000	111.358	10.2670
1060.000000	111.507	10.3505
1075.000000	111.648	10.3482
1090.000000	111.791	10.2688
1106.000000	111.942	10.1054
1120.000000	112.072	9.9022
1138.000000	112.235	9.5662
1150.000000	112.339	9.3000
1172.000000	112.523	8.7309
1180.000000	112.586	8.4989
1206.000000	112.782	7.6618
1220.000000	112.879	7.1693
1241.000000	113.014	6.3982
1250.000000	113.068	6.0606
1265.000000	113.152	5.4924
1280.000000	113.229	4.9192
1315.000000	113.386	3.5746
1320.000000	113.406	3.3828
1340.000000	113.481	2.6192
1360.000000	113.550	1.8665
1380.000000	113.611	1.1343
1400.000000	113.667	0.4311
1430.000000	113.739	-0.5621
1450.000000	113.783	-1.1881
1475.000000	113.834	-1.9418
1500.000000	113.883	-2.6675
1525.000000	113.928	-3.3616
1550.000000	113.970	-4.0218
1575.000000	114.010	-4.6489
1600.000000	114.050	-5.2457
1625.000000	114.091	-5.8184
1650.000000	114.135	-6.3736
1675.000000	114.180	-6.9135
1700.000000	114.227	-7.4362
1725.000000	114.274	-7.9391
1750.000000	114.322	-8.4235
1775.000000	114.371	-8.8940
1800.000000	114.423	-9.3572
1825.000000	114.479	-9.8197
1850.000000	114.537	-10.2858
1875.000000	114.598	-10.7563
1900.000000	114.662	-11.2306
1925.000000	114.728	-11.7081
1950.000000	114.796	-12.1878
1975.000000	114.866	-12.6695
2000.000000	114.939	-13.1540
2030.000000	115.031	-13.7421
2060.000000	115.127	-14.3427
2090.000000	115.227	-14.9603
2120.000000	115.330	-15.5988
2140.000000	115.400	-16.0373
2180.000000	115.542	-16.9481
2200.000000	115.615	-17.4227
2240.000000	115.764	-18.4183
2270.000000	115.879	-19.2116
2300.000000	115.995	-20.0481
2330.000000	116.113	-20.9277
2360.000000	116.230	-21.8485
2400.000000	116.385	-23.1366
2430.000000	116.501	-24.1466
2470.000000	116.653	-25.5531
2500.000000	116.766	-26.6575
2540.000000	116.915	-28.2059
2580.000000	117.060	-29.8493
2620.000000	117.198	-31.5886
2650.000000	117.296	-32.9515
2690.000000	117.417	-34.8361
2720.000000	117.501	-36.2936
2760.000000	117.603	-38.2878
2800.000000	117.694	-40.3344
2850.000000	117.789	-42.9591
2900.000000	117.863	-45.6418
2950.000000	117.914	-48.3540
3000.000000	117.942	-51.0666
3040.000000	117.948	-53.2221
3070.000000	117.943	-54.8259
3110.000000	117.924	-56.9432
3150.000000	117.893	-59.0333
3200.000000	117.837	-61.6024
3250.000000	117.762	-64.1158
3300.000000	117.672	-66.5654
3350.000000	117.567	-68.9441
3400.000000	117.451	-71.2470
3450.000000	117.326	-73.4702
3500.000000	117.195	-75.6078
3550.000000	117.059	-77.6546
3600.000000	116.920	-79.6091
3650.000000	116.779	-81.4757
3700.000000	116.636	-83.2642
3750.000000	116.490	-84.9840
3820.000000	116.286	-87.2817
3870.000000	116.141	-88.8423
3950.000000	115.915	-91.2016
4000.000000	115.777	-92.5941
4060.000000	115.615	-94.1852
4120.000000	115.456	-95.6883
4180.000000	115.303	-97.1044
4250.000000	115.131	-98.6570
4310.000000	114.990	-99.9169
4370.000000	114.854	-101.1272
4440.000000	114.704	-102.4905
4500.000000	114.581	-103.6239
4550.000000	114.482	-104.5439
4620.000000	114.349	-105.7913
4680.000000	114.241	-106.8234
4750.000000	114.123	-107.9935
4820.000000	114.011	-109.1325
4870.000000	113.937	-109.9205
4940.000000	113.842	-110.9713
5000.000000	113.770	-111.8130
5080.000000	113.691	-112.8478
5150.000000	113.639	-113.6831
5220.000000	113.608	-114.4691
5300.000000	113.600	-115.3252
5380.000000	113.632	-116.1778
5450.000000	113.701	-116.9802
5520.000000	113.813	-117.9094
5600.000000	113.995	-119.2513
5700.000000	114.288	-121.6196
5800.000000	114.602	-125.0969
5900.000000	114.844	-129.8710
6000.000000	114.916	-135.7093
6080.000000	114.803	-140.6734
6150.000000	114.574	-144.8193
6220.000000	114.241	-148.4792
6300.000000	113.765	-151.8406
6400.000000	113.100	-154.7238
6500.000000	112.438	-156.3284
6600.000000	111.842	-156.9937
6700.000000	111.344	-157.0412
6800.000000	110.950	-156.7059
6900.000000	110.654	-156.1467
7000.000000	110.447	-155.4718
7100.000000	110.318	-154.7562
7200.000000	110.263	-154.0569
7300.000000	110.272	-153.4182
7400.000000	110.342	-152.8631
7500.000000	110.470	-152.3932
7620.000000	110.704	-151.9408
7750.000000	111.065	-151.6378
7880.000000	111.544	-151.6629
8000.000000	112.096	-152.1247
8120.000000	112.759	-153.1666
8250.000000	113.601	-155.1722
8380.000000	114.553	-158.3880
8500.000000	115.490	-162.7635
8620.000000	116.413	-168.8376
8750.000000	117.297	-177.6188
8850.000000	117.821	-185.9066
9000.000000	118.252	-200.1953
9120.000000	118.251	-212.2875
9250.000000	117.912	-224.9361
9380.000000	117.272	-236.2426
9500.000000	116.486	-245.0629
9620.000000	115.594	-252.3027
9750.000000	114.592	-258.6386
9880.000000	113.618	-263.8173
10000.000000	112.772	-267.8976
10150.000000	111.792	-272.3879
10300.000000	110.887	-276.4409
10440.000000	110.092	-279.9439
10600.000000	109.220	-283.6518
10750.000000	108.424	-286.8139
10900.000000	107.642	-289.6267
11060.000000	106.826	-292.2143
11200.000000	106.132	-294.1320
11380.000000	105.281	-296.1603
11500.000000	104.746	-297.2791
11720.000000	103.845	-298.9771
11800.000000	103.544	-299.5178
12060.000000	102.657	-301.1580
12200.000000	102.229	-302.0418
12410.000000	101.636	-303.4524
12500.000000	101.395	-304.0937
12650.000000	101.006	-305.2007
12800.000000	100.628	-306.3300
13150.000000	99.777	-308.8505
13200.000000	99.658	-309.1779
13400.000000	99.196	-310.3639
13600.000000	98.755	-311.3228
13800.000000	98.349	-312.0287
14000.000000	97.990	-312.4756
14300.000000	97.576	-312.7302
14500.000000	97.409	-312.7153
14750.000000	97.354	-312.6302
15000.000000	97.494	-312.6219
15250.000000	97.851	-312.8456
15500.000000	98.447	-313.4790
15750.000000	99.315	-314.7607
16000.000000	100.475	-317.0597
16250.000000	101.899	-320.9698
16500.000000	103.481	-327.2672
16750.000000	105.053	-336.6299
17000.000000	106.453	-349.2826
17250.000000	107.570	-364.8392
17500.000000	108.352	-382.4597
17750.000000	108.806	-401.1906
18000.000000	108.973	-420.3132
18250.000000	108.888	-439.5007
18500.000000	108.553	-458.5967
18750.000000	107.954	-477.2677
19000.000000	107.103	-495.0501
19250.000000	106.046	-511.6573
19500.000000	104.838	-527.1067
19750.000000	103.524	-541.6121
20000.000000	102.126	-555.4065
