* Measurement data measured by REW V5.20.5
* Source: Input device not selected, no input selected, L, volume: no control
* Format: 512k Log Swept Sine, 1 sweep at -12.0 dBFS with no timing reference
* Dated: Apr 28, 2023 4:16:05 PM
* REW Settings:
*  C-weighting compensation: Off
*  Target level: 75.0 dB
* Note: ; 
* Measurement: vientoA R
* Smoothing: 1/12 octave
* Frequency Step: 1/48 octave
* Start Frequency: 20.000 Hz
*
* Freq(Hz)	SPL(dB)	Phase(degrees)
20.000000	106.927	29.1333
20.299999	106.959	28.7536
20.600000	106.989	28.4053
20.900000	107.024	28.1154
21.200001	107.076	27.8494
21.400000	107.118	27.6425
21.799999	107.214	27.1024
22.000000	107.261	26.7560
22.400000	107.340	25.9354
22.700001	107.382	25.2660
23.000000	107.408	24.6016
23.299999	107.422	23.9606
23.600000	107.426	23.3468
24.000000	107.416	22.5791
24.299999	107.397	22.0629
24.700001	107.360	21.4963
25.000000	107.332	21.1779
25.400000	107.307	20.8633
25.799999	107.303	20.5708
26.200001	107.313	20.1913
26.500000	107.320	19.8325
26.900000	107.318	19.3065
27.200001	107.308	18.9415
27.600000	107.292	18.5609
28.000000	107.292	18.2966
28.500000	107.329	17.9905
29.000000	107.395	17.5265
29.500000	107.461	16.8678
30.000000	107.508	16.1257
30.400000	107.533	15.5517
30.700001	107.545	15.1494
31.100000	107.553	14.6545
31.500000	107.552	14.2159
32.000000	107.538	13.7780
32.500000	107.516	13.4819
33.000000	107.494	13.2901
33.500000	107.474	13.1400
34.000000	107.452	13.0059
34.500000	107.431	12.8951
35.000000	107.421	12.7767
35.500000	107.427	12.5471
36.000000	107.440	12.1123
36.500000	107.441	11.4889
37.000000	107.422	10.8113
37.500000	107.394	10.2166
38.200001	107.379	9.5673
38.700001	107.395	9.1354
39.500000	107.436	8.4144
40.000000	107.457	8.0522
40.599998	107.478	7.7941
41.200001	107.491	7.7081
41.799999	107.484	7.8254
42.500000	107.456	8.3076
43.099998	107.429	8.8770
43.700001	107.370	9.4578
44.400002	107.238	10.5813
45.000000	107.170	12.2919
45.500000	107.251	13.7311
46.200001	107.523	14.1906
46.799999	107.671	12.5574
47.500000	107.550	9.7865
48.200001	107.228	8.0093
48.700001	107.029	7.4639
49.400002	106.907	6.7972
50.000000	106.894	5.7999
50.799999	106.885	4.1618
51.500000	106.864	3.0250
52.200001	106.859	2.4387
53.000000	106.911	2.3493
53.799999	107.013	2.4628
54.500000	107.087	2.5336
55.200001	107.114	2.7415
56.000000	107.115	3.3342
57.000000	107.145	4.2539
58.000000	107.189	4.6708
59.000000	107.171	4.4874
60.000000	107.080	4.1729
60.799999	106.999	4.0133
61.500000	106.951	3.8855
62.200001	106.931	3.6682
63.000000	106.935	3.1962
64.000000	106.933	2.2694
65.000000	106.891	1.3312
66.000000	106.834	0.7192
67.000000	106.795	0.3973
68.000000	106.776	0.2326
69.000000	106.766	0.1396
70.000000	106.756	0.0328
71.000000	106.730	-0.1027
72.000000	106.692	-0.2157
73.000000	106.654	-0.2966
74.000000	106.625	-0.3671
75.000000	106.608	-0.4221
76.199997	106.604	-0.4609
77.500000	106.603	-0.4644
78.800003	106.591	-0.4314
80.000000	106.567	-0.4426
81.199997	106.535	-0.5587
82.500000	106.514	-0.8618
83.800003	106.528	-1.4115
85.000000	106.560	-2.0935
86.199997	106.585	-2.7010
87.500000	106.597	-3.0126
88.500000	106.593	-2.9796
90.000000	106.562	-2.6025
91.199997	106.521	-2.1586
92.500000	106.479	-1.7272
93.800003	106.449	-1.4755
95.000000	106.431	-1.3783
96.199997	106.418	-1.3009
97.500000	106.412	-1.1185
98.800003	106.424	-0.8950
100.000000	106.439	-0.8717
101.500000	106.421	-1.1589
103.000000	106.370	-1.5433
104.400002	106.328	-1.8788
106.000000	106.297	-2.1822
107.500000	106.273	-2.2888
109.000000	106.249	-2.2133
110.599998	106.217	-2.0666
112.000000	106.184	-1.9882
113.800003	106.142	-2.0182
115.000000	106.118	-2.0851
117.199997	106.097	-2.1895
118.000000	106.096	-2.2238
120.599998	106.093	-2.3484
122.000000	106.085	-2.4116
124.099998	106.070	-2.5000
125.000000	106.064	-2.5389
126.500000	106.052	-2.5995
128.000000	106.038	-2.6414
131.500000	106.003	-2.6271
132.000000	105.999	-2.6148
134.000000	105.986	-2.5614
136.000000	105.976	-2.5212
138.000000	105.967	-2.4918
140.000000	105.959	-2.4723
143.000000	105.944	-2.4752
145.000000	105.929	-2.4927
147.500000	105.909	-2.5089
150.000000	105.893	-2.5107
152.500000	105.885	-2.5045
155.000000	105.876	-2.4985
157.500000	105.860	-2.5059
160.000000	105.841	-2.5209
162.500000	105.827	-2.5142
165.000000	105.821	-2.4591
167.500000	105.818	-2.3770
170.000000	105.808	-2.3110
172.500000	105.793	-2.2657
175.000000	105.783	-2.2417
177.500000	105.775	-2.2577
180.000000	105.765	-2.3006
182.500000	105.750	-2.3309
185.000000	105.738	-2.3239
187.500000	105.728	-2.2939
190.000000	105.718	-2.2705
192.500000	105.706	-2.2606
195.000000	105.694	-2.2449
197.500000	105.684	-2.2115
200.000000	105.680	-2.1753
203.000000	105.678	-2.1586
206.000000	105.675	-2.1773
209.000000	105.667	-2.2107
212.000000	105.654	-2.2247
214.000000	105.646	-2.2100
218.000000	105.631	-2.1415
220.000000	105.627	-2.1102
224.000000	105.621	-2.0626
227.000000	105.616	-2.0154
230.000000	105.607	-1.9647
233.000000	105.596	-1.9282
236.000000	105.584	-1.9110
240.000000	105.574	-1.9116
243.000000	105.572	-1.9098
247.000000	105.571	-1.8801
250.000000	105.569	-1.8435
254.000000	105.562	-1.8049
258.000000	105.552	-1.7987
262.000000	105.541	-1.8193
265.000000	105.533	-1.8307
269.000000	105.525	-1.8148
272.000000	105.520	-1.7786
276.000000	105.516	-1.7097
280.000000	105.512	-1.6439
285.000000	105.501	-1.6226
290.000000	105.491	-1.6560
295.000000	105.484	-1.6611
300.000000	105.478	-1.6218
304.000000	105.470	-1.5904
307.000000	105.463	-1.5811
311.000000	105.453	-1.5885
315.000000	105.442	-1.6033
320.000000	105.431	-1.6116
325.000000	105.426	-1.6144
330.000000	105.422	-1.6207
335.000000	105.412	-1.6199
340.000000	105.396	-1.5985
345.000000	105.378	-1.5529
350.000000	105.357	-1.4893
355.000000	105.336	-1.4128
360.000000	105.320	-1.3288
365.000000	105.310	-1.2400
370.000000	105.302	-1.1490
375.000000	105.295	-1.0620
382.000000	105.284	-0.9561
387.000000	105.279	-0.8896
395.000000	105.275	-0.7942
400.000000	105.275	-0.7383
406.000000	105.274	-0.6736
412.000000	105.270	-0.6122
418.000000	105.266	-0.5543
425.000000	105.259	-0.4937
431.000000	105.252	-0.4441
437.000000	105.246	-0.3882
444.000000	105.240	-0.3149
450.000000	105.237	-0.2518
455.000000	105.235	-0.2001
462.000000	105.230	-0.1298
468.000000	105.223	-0.0725
475.000000	105.216	-0.0107
482.000000	105.210	0.0512
487.000000	105.206	0.1011
494.000000	105.201	0.1831
500.000000	105.197	0.2609
508.000000	105.190	0.3611
515.000000	105.184	0.4380
522.000000	105.178	0.5077
530.000000	105.171	0.5857
538.000000	105.166	0.6663
545.000000	105.163	0.7375
552.000000	105.162	0.8078
560.000000	105.160	0.8839
570.000000	105.157	0.9687
580.000000	105.148	1.0499
590.000000	105.135	1.1434
600.000000	105.121	1.2642
608.000000	105.113	1.3851
615.000000	105.108	1.5044
622.000000	105.104	1.6287
630.000000	105.099	1.7685
640.000000	105.093	1.9345
650.000000	105.086	2.0944
660.000000	105.082	2.2515
670.000000	105.081	2.4106
680.000000	105.082	2.5751
690.000000	105.083	2.7395
700.000000	105.083	2.8961
710.000000	105.081	3.0406
720.000000	105.077	3.1722
730.000000	105.073	3.2979
740.000000	105.066	3.4362
750.000000	105.058	3.6035
762.000000	105.045	3.8438
775.000000	105.026	4.1393
788.000000	105.004	4.4756
800.000000	104.984	4.8406
812.000000	104.966	5.2761
825.000000	104.954	5.8468
838.000000	104.953	6.5244
850.000000	104.965	7.2202
862.000000	104.992	7.9464
875.000000	105.036	8.7251
885.000000	105.079	9.2991
900.000000	105.157	10.1100
912.000000	105.229	10.7212
925.000000	105.314	11.3524
938.000000	105.407	11.9509
950.000000	105.497	12.4677
962.000000	105.594	12.9407
975.000000	105.705	13.3910
988.000000	105.821	13.7703
1000.000000	105.932	14.0604
1015.000000	106.071	14.3519
1030.000000	106.211	14.5742
1044.000000	106.340	14.7245
1060.000000	106.484	14.8332
1075.000000	106.618	14.8741
1090.000000	106.751	14.8517
1106.000000	106.891	14.7570
1120.000000	107.012	14.6192
1138.000000	107.163	14.3775
1150.000000	107.259	14.1801
1172.000000	107.425	13.7462
1180.000000	107.482	13.5662
1206.000000	107.655	12.9028
1220.000000	107.741	12.4962
1241.000000	107.858	11.8301
1250.000000	107.904	11.5306
1265.000000	107.975	11.0239
1280.000000	108.039	10.5173
1315.000000	108.161	9.3591
1320.000000	108.175	9.1951
1340.000000	108.228	8.5369
1360.000000	108.272	7.8779
1380.000000	108.309	7.2370
1400.000000	108.336	6.6381
1430.000000	108.361	5.8414
1450.000000	108.369	5.3774
1475.000000	108.372	4.8622
1500.000000	108.371	4.4039
1525.000000	108.366	3.9973
1550.000000	108.358	3.6527
1575.000000	108.346	3.3843
1600.000000	108.333	3.2018
1625.000000	108.319	3.1047
1650.000000	108.307	3.0777
1675.000000	108.300	3.1006
1700.000000	108.300	3.1644
1725.000000	108.307	3.2725
1750.000000	108.324	3.4308
1775.000000	108.348	3.6418
1800.000000	108.381	3.8995
1825.000000	108.423	4.1895
1850.000000	108.474	4.4995
1875.000000	108.537	4.8216
1900.000000	108.612	5.1478
1925.000000	108.697	5.4702
1950.000000	108.793	5.7841
1975.000000	108.898	6.0863
2000.000000	109.012	6.3707
2030.000000	109.161	6.6740
2060.000000	109.325	6.9163
2090.000000	109.502	7.0803
2120.000000	109.691	7.1530
2140.000000	109.824	7.1468
2180.000000	110.100	7.0059
2200.000000	110.242	6.8752
2240.000000	110.532	6.4955
2270.000000	110.754	6.0974
2300.000000	110.978	5.5915
2330.000000	111.203	4.9750
2360.000000	111.428	4.2496
2400.000000	111.724	3.1182
2430.000000	111.940	2.1550
2470.000000	112.218	0.7317
2500.000000	112.417	-0.4370
2540.000000	112.668	-2.1319
2580.000000	112.900	-3.9817
2620.000000	113.114	-5.9772
2650.000000	113.261	-7.5585
2690.000000	113.438	-9.7580
2720.000000	113.555	-11.4591
2760.000000	113.689	-13.7748
2800.000000	113.796	-16.1274
2850.000000	113.896	-19.1011
2900.000000	113.961	-22.1033
2950.000000	113.993	-25.1182
3000.000000	113.988	-28.0993
3040.000000	113.958	-30.4218
3070.000000	113.919	-32.1130
3110.000000	113.847	-34.2880
3150.000000	113.755	-36.3602
3200.000000	113.619	-38.7912
3250.000000	113.466	-41.0313
3300.000000	113.303	-43.0685
3350.000000	113.136	-44.9014
3400.000000	112.967	-46.5454
3450.000000	112.802	-48.0261
3500.000000	112.646	-49.3705
3550.000000	112.504	-50.6064
3600.000000	112.379	-51.7636
3650.000000	112.274	-52.8704
3700.000000	112.188	-53.9492
3750.000000	112.118	-55.0163
3820.000000	112.042	-56.5104
3870.000000	112.001	-57.5902
3950.000000	111.960	-59.3845
4000.000000	111.946	-60.5756
4060.000000	111.940	-62.0950
4120.000000	111.940	-63.7221
4180.000000	111.938	-65.4565
4250.000000	111.928	-67.6045
4310.000000	111.907	-69.5381
4370.000000	111.873	-71.5396
4440.000000	111.817	-73.9297
4500.000000	111.752	-75.9965
4550.000000	111.686	-77.7139
4620.000000	111.571	-80.0847
4680.000000	111.451	-82.0615
4750.000000	111.288	-84.2687
4820.000000	111.102	-86.3295
4870.000000	110.959	-87.6868
4940.000000	110.753	-89.3945
5000.000000	110.577	-90.6641
5080.000000	110.359	-92.0842
5150.000000	110.193	-93.1045
5220.000000	110.058	-93.9756
5300.000000	109.948	-94.8886
5380.000000	109.885	-95.8271
5450.000000	109.862	-96.7430
5520.000000	109.862	-97.7863
5600.000000	109.880	-99.1476
5700.000000	109.916	-101.0709
5800.000000	109.962	-103.1707
5900.000000	110.019	-105.4102
6000.000000	110.088	-107.8004
6080.000000	110.154	-109.8406
6150.000000	110.221	-111.7335
6220.000000	110.296	-113.7365
6300.000000	110.389	-116.1689
6400.000000	110.504	-119.4376
6500.000000	110.603	-122.9635
6600.000000	110.670	-126.7062
6700.000000	110.699	-130.5667
6800.000000	110.694	-134.4283
6900.000000	110.662	-138.1926
7000.000000	110.610	-141.7864
7100.000000	110.550	-145.1719
7200.000000	110.493	-148.3561
7300.000000	110.446	-151.3854
7400.000000	110.408	-154.3093
7500.000000	110.369	-157.1097
7620.000000	110.316	-160.0795
7750.000000	110.317	-162.4050
7880.000000	110.529	-163.9575
8000.000000	110.982	-165.5360
8120.000000	111.635	-168.0312
8250.000000	112.463	-172.2974
8380.000000	113.299	-178.5217
8500.000000	113.966	173.9042
8620.000000	114.437	164.8319
8750.000000	114.651	154.0812
8850.000000	114.596	145.8662
9000.000000	114.212	134.7566
9120.000000	113.749	127.3827
9250.000000	113.217	120.7869
9380.000000	112.749	115.0430
9500.000000	112.391	109.8927
9620.000000	112.057	104.5599
9750.000000	111.647	98.6249
9880.000000	111.128	92.9258
10000.000000	110.539	88.3448
10150.000000	109.694	84.0291
10300.000000	108.826	81.3758
10440.000000	108.093	80.0804
10600.000000	107.428	79.3763
10750.000000	106.987	78.8921
10900.000000	106.685	78.1641
11060.000000	106.448	76.9061
11200.000000	106.265	75.3876
11380.000000	106.022	72.9249
11500.000000	105.840	70.9877
11720.000000	105.410	67.0097
11800.000000	105.211	65.5359
12060.000000	104.390	61.3535
12200.000000	103.858	59.8055
12410.000000	103.004	58.6669
12500.000000	102.635	58.6065
12650.000000	102.038	59.0041
12800.000000	101.479	59.9108
13150.000000	100.380	63.2996
13200.000000	100.247	63.8809
13400.000000	99.765	66.4025
13600.000000	99.353	69.2953
13800.000000	99.022	72.7004
14000.000000	98.825	76.6791
14300.000000	98.948	83.1528
14500.000000	99.357	86.9819
14750.000000	100.156	90.1425
15000.000000	101.092	90.6871
15250.000000	101.956	88.2288
15500.000000	102.573	83.1449
15750.000000	102.848	76.6677
16000.000000	102.804	70.3918
16250.000000	102.563	65.4438
16500.000000	102.289	62.1143
16750.000000	102.148	60.0120
17000.000000	102.262	58.2012
17250.000000	102.619	55.4409
17500.000000	103.061	50.6943
17750.000000	103.380	43.6624
18000.000000	103.412	35.0004
18250.000000	103.093	26.0573
18500.000000	102.470	18.1804
18750.000000	101.680	11.9768
19000.000000	100.894	7.1124
19250.000000	100.242	2.6646
19500.000000	99.770	-2.4779
19750.000000	99.435	-9.4191
20000.000000	99.096	-18.9536
