* Measurement data measured by REW V5.20 Beta 9
* Source: In 1-2 (MOTU M Series), LINE_IN (Master Volume), L, volume: 0.250
* Format: 256k Log Swept Sine, 1 sweep at -12.0 dBFS  With no timing reference
* Dated: Oct 7, 2022 1:18:32 PM
* REW Settings:
*  C-weighting compensation: Off
*  Target level: 75.0 dB
* Note: ; 
* Measurement: TinHifi C5 L
* Smoothing: 1/24 octave
* Frequency Step: 1/48 octave
* Start Frequency: 20.3 Hz
*
* Freq(Hz)	SPL(dB)	Phase(degrees)
20.291	53.389	179.377
20.586	53.389	179.195
20.885	53.389	178.848
21.189	53.383	178.512
21.497	53.371	178.218
21.810	53.358	177.958
22.127	53.346	177.719
22.449	53.337	177.486
22.776	53.332	177.249
23.107	53.329	176.993
23.443	53.328	176.713
23.784	53.324	176.410
24.130	53.318	176.097
24.481	53.308	175.785
24.837	53.295	175.487
25.198	53.281	175.212
25.565	53.267	174.961
25.937	53.256	174.728
26.314	53.249	174.494
26.697	53.244	174.243
27.085	53.238	173.967
27.479	53.227	173.680
27.879	53.211	173.410
28.284	53.193	173.181
28.696	53.180	172.989
29.113	53.173	172.804
29.537	53.173	172.586
29.966	53.172	172.315
30.402	53.166	172.008
30.844	53.152	171.700
31.293	53.135	171.417
31.748	53.116	171.156
32.210	53.098	170.906
32.678	53.079	170.665
33.154	53.058	170.444
33.636	53.038	170.247
34.125	53.021	170.060
34.621	53.006	169.860
35.125	52.991	169.640
35.636	52.973	169.411
36.154	52.952	169.184
36.680	52.931	168.955
37.214	52.908	168.719
37.755	52.883	168.485
38.304	52.858	168.258
38.861	52.836	168.033
39.427	52.816	167.794
40.000	52.799	167.534
40.582	52.781	167.257
41.172	52.763	166.972
41.771	52.743	166.690
42.379	52.720	166.426
42.995	52.696	166.195
43.620	52.672	165.998
44.255	52.649	165.822
44.898	52.624	165.659
45.552	52.597	165.517
46.214	52.570	165.396
46.886	52.547	165.265
47.568	52.528	165.071
48.260	52.504	164.794
48.962	52.470	164.465
49.674	52.428	164.146
50.397	52.385	163.880
51.130	52.354	163.638
51.874	52.331	163.358
52.628	52.305	163.050
53.394	52.272	162.795
54.170	52.240	162.627
54.958	52.215	162.491
55.758	52.192	162.335
56.569	52.162	162.150
57.391	52.123	161.963
58.226	52.079	161.803
59.073	52.041	161.642
59.932	52.007	161.425
60.804	51.972	161.174
61.688	51.941	160.913
62.586	51.911	160.621
63.496	51.874	160.355
64.420	51.838	160.158
65.357	51.804	159.977
66.307	51.764	159.787
67.272	51.714	159.622
68.250	51.660	159.501
69.243	51.610	159.399
70.250	51.565	159.260
71.272	51.521	159.081
72.309	51.478	158.905
73.360	51.441	158.733
74.427	51.408	158.543
75.510	51.374	158.335
76.608	51.339	158.111
77.723	51.298	157.872
78.853	51.248	157.665
80.000	51.198	157.509
81.164	51.149	157.366
82.344	51.094	157.244
83.542	51.033	157.171
84.757	50.967	157.160
85.990	50.904	157.166
87.241	50.844	157.129
88.510	50.782	157.050
89.797	50.727	156.952
91.103	50.689	156.780
92.428	50.653	156.523
93.773	50.610	156.298
95.137	50.565	156.149
96.520	50.516	156.042
97.924	50.463	155.939
99.349	50.407	155.817
100.794	50.347	155.673
102.260	50.287	155.528
103.747	50.224	155.415
105.256	50.161	155.362
106.787	50.099	155.361
108.340	50.040	155.371
109.916	49.985	155.351
111.515	49.930	155.283
113.137	49.872	155.180
114.783	49.811	155.056
116.452	49.745	154.925
118.146	49.675	154.813
119.865	49.606	154.765
121.608	49.546	154.777
123.377	49.491	154.804
125.171	49.435	154.858
126.992	49.379	154.931
128.839	49.326	154.994
130.713	49.275	155.042
132.615	49.224	155.093
134.543	49.171	155.158
136.500	49.109	155.228
138.486	49.040	155.285
140.500	48.970	155.300
142.544	48.905	155.258
144.617	48.844	155.212
146.721	48.787	155.211
148.855	48.731	155.257
151.020	48.677	155.314
153.217	48.625	155.359
155.445	48.577	155.402
157.706	48.534	155.451
160.000	48.494	155.505
162.327	48.460	155.558
164.688	48.436	155.607
167.084	48.417	155.656
169.514	48.391	155.716
171.980	48.341	155.803
174.481	48.257	155.940
177.019	48.147	156.155
179.594	48.030	156.449
182.206	47.923	156.775
184.856	47.833	157.079
187.545	47.759	157.328
190.273	47.693	157.532
193.041	47.625	157.728
195.849	47.553	157.922
198.697	47.480	158.097
201.587	47.409	158.254
204.520	47.342	158.422
207.494	47.281	158.599
210.512	47.223	158.777
213.574	47.165	158.975
216.681	47.109	159.202
219.833	47.055	159.441
223.030	46.998	159.689
226.274	46.940	159.948
229.565	46.884	160.200
232.905	46.830	160.435
236.292	46.778	160.701
239.729	46.727	161.020
243.216	46.675	161.365
246.754	46.625	161.697
250.343	46.578	162.016
253.984	46.532	162.325
257.678	46.484	162.615
261.426	46.432	162.887
265.229	46.376	163.161
269.087	46.319	163.455
273.001	46.264	163.770
276.972	46.214	164.108
281.000	46.166	164.478
285.088	46.117	164.873
289.234	46.068	165.257
293.441	46.020	165.628
297.710	45.975	165.996
302.040	45.932	166.347
306.433	45.888	166.703
310.890	45.845	167.125
315.412	45.806	167.704
320.000	45.768	168.493
324.655	45.727	169.399
329.377	45.685	170.332
334.168	45.646	171.277
339.028	45.610	172.234
343.959	45.573	173.187
348.962	45.534	174.147
354.038	45.493	175.135
359.188	45.451	176.128
364.412	45.412	177.123
369.713	45.374	178.131
375.090	45.336	179.158
380.546	45.296	-179.806
386.081	45.255	-178.777
391.697	45.215	-177.735
397.395	45.176	-176.677
403.175	45.136	-175.613
409.039	45.096	-174.531
414.989	45.057	-173.429
421.025	45.022	-172.319
427.149	44.987	-171.214
433.362	44.956	-170.114
439.665	44.926	-169.011
446.060	44.898	-167.895
452.548	44.871	-166.755
459.131	44.845	-165.596
465.809	44.818	-164.423
472.584	44.789	-163.227
479.458	44.761	-162.016
486.432	44.737	-160.802
493.507	44.715	-159.574
500.686	44.691	-158.331
507.968	44.668	-157.072
515.357	44.647	-155.799
522.853	44.626	-154.490
530.458	44.602	-153.146
538.174	44.577	-151.777
546.002	44.553	-150.387
553.943	44.535	-148.986
562.001	44.520	-147.559
570.175	44.508	-146.096
578.469	44.500	-144.602
586.883	44.494	-143.080
595.419	44.489	-141.520
604.080	44.487	-139.902
612.866	44.492	-138.241
621.780	44.505	-136.549
630.824	44.526	-134.818
640.000	44.556	-133.046
649.309	44.597	-131.244
658.753	44.651	-129.428
668.335	44.719	-127.598
678.056	44.801	-125.767
687.919	44.898	-123.966
697.925	45.008	-122.218
708.076	45.130	-120.541
718.376	45.262	-118.948
728.825	45.401	-117.433
739.426	45.545	-115.999
750.181	45.689	-114.656
761.093	45.826	-113.395
772.163	45.958	-112.202
783.394	46.086	-111.057
794.789	46.205	-109.930
806.349	46.316	-108.811
818.078	46.423	-107.694
829.977	46.526	-106.577
842.050	46.626	-105.441
854.297	46.723	-104.275
866.724	46.819	-103.082
879.330	46.915	-101.856
892.120	47.012	-100.600
905.097	47.111	-99.324
918.262	47.216	-98.031
931.618	47.328	-96.729
945.169	47.446	-95.415
958.917	47.569	-94.096
972.864	47.694	-92.785
987.015	47.821	-91.475
1001.371	47.951	-90.168
1015.937	48.088	-88.877
1030.714	48.231	-87.611
1045.706	48.379	-86.375
1060.916	48.529	-85.164
1076.347	48.682	-83.976
1092.003	48.840	-82.823
1107.887	49.008	-81.711
1124.001	49.182	-80.639
1140.350	49.359	-79.601
1156.937	49.535	-78.592
1173.765	49.713	-77.614
1190.838	49.890	-76.662
1208.159	50.067	-75.730
1225.732	50.242	-74.817
1243.561	50.418	-73.925
1261.649	50.594	-73.051
1280.000	50.773	-72.188
1298.618	50.954	-71.337
1317.507	51.137	-70.501
1336.670	51.324	-69.678
1356.113	51.521	-68.866
1375.838	51.726	-68.066
1395.850	51.935	-67.278
1416.153	52.147	-66.507
1436.751	52.366	-65.754
1457.649	52.591	-65.024
1478.851	52.823	-64.324
1500.362	53.063	-63.655
1522.185	53.312	-63.019
1544.326	53.572	-62.426
1566.789	53.841	-61.883
1589.578	54.117	-61.396
1612.699	54.400	-60.974
1636.156	54.690	-60.625
1659.955	54.986	-60.360
1684.099	55.289	-60.186
1708.595	55.598	-60.112
1733.447	55.911	-60.152
1758.661	56.228	-60.315
1784.241	56.549	-60.616
1810.193	56.873	-61.080
1836.523	57.198	-61.732
1863.236	57.516	-62.595
1890.338	57.824	-63.671
1917.833	58.113	-64.954
1945.729	58.379	-66.430
1974.030	58.616	-68.080
2002.743	58.820	-69.878
2031.873	58.987	-71.791
2061.428	59.114	-73.781
2091.412	59.199	-75.801
2121.832	59.241	-77.803
2152.695	59.242	-79.737
2184.007	59.202	-81.555
2215.774	59.126	-83.217
2248.003	59.019	-84.692
2280.701	58.888	-85.955
2313.874	58.740	-86.993
2347.530	58.582	-87.802
2381.676	58.418	-88.382
2416.318	58.256	-88.741
2451.464	58.101	-88.901
2487.122	57.956	-88.886
2523.298	57.823	-88.724
2560.000	57.703	-88.426
2597.236	57.595	-88.000
2635.014	57.502	-87.456
2673.341	57.426	-86.810
2712.226	57.367	-86.080
2751.676	57.329	-85.288
2791.700	57.310	-84.455
2832.306	57.312	-83.596
2873.503	57.334	-82.725
2915.299	57.378	-81.855
2957.703	57.444	-81.002
3000.724	57.532	-80.180
3044.370	57.643	-79.404
3088.652	57.776	-78.698
3133.577	57.931	-78.088
3179.156	58.109	-77.609
3225.398	58.310	-77.296
3272.312	58.532	-77.184
3319.909	58.771	-77.310
3368.198	59.025	-77.711
3417.190	59.284	-78.446
3466.894	59.537	-79.574
3517.321	59.773	-81.144
3568.482	59.980	-83.184
3620.387	60.141	-85.693
3673.046	60.237	-88.634
3726.472	60.249	-91.933
3780.675	60.163	-95.477
3835.666	59.970	-99.127
3891.457	59.664	-102.714
3948.060	59.242	-106.045
4005.486	58.708	-108.918
4063.747	58.076	-111.150
4122.855	57.365	-112.596
4182.824	56.604	-113.162
4243.664	55.819	-112.810
4305.390	55.042	-111.543
4368.013	54.302	-109.385
4431.547	53.629	-106.388
4496.005	53.054	-102.645
4561.401	52.609	-98.330
4627.749	52.323	-93.710
4695.061	52.205	-89.125
4763.352	52.241	-84.938
4832.637	52.389	-81.458
4902.929	52.592	-78.868
4974.244	52.796	-77.203
5046.596	52.955	-76.345
5120.000	53.036	-76.062
5194.472	53.024	-76.068
5270.027	52.920	-76.084
5346.682	52.737	-75.895
5424.451	52.498	-75.360
5503.352	52.224	-74.413
5583.399	51.936	-73.043
5664.612	51.651	-71.284
5747.006	51.379	-69.178
5830.598	51.127	-66.762
5915.406	50.902	-64.070
6001.447	50.711	-61.131
6088.740	50.560	-57.972
6177.303	50.460	-54.617
6267.154	50.414	-51.097
6358.312	50.425	-47.452
6450.796	50.494	-43.722
6544.625	50.625	-39.943
6639.818	50.821	-36.149
6736.397	51.083	-32.376
6834.380	51.419	-28.664
6933.789	51.836	-25.068
7034.643	52.350	-21.671
7136.964	52.977	-18.588
7240.773	53.731	-15.987
7346.093	54.629	-14.099
7452.944	55.682	-13.287
7561.350	56.875	-14.139
7671.332	58.122	-17.485
7782.915	59.238	-24.169
7896.120	59.973	-34.366
8010.971	60.105	-46.738
8127.493	59.562	-58.610
8245.711	58.474	-67.613
8365.647	57.090	-72.970
8487.328	55.657	-75.194
8610.779	54.330	-75.193
8736.026	53.171	-73.719
8863.095	52.197	-71.307
8992.011	51.410	-68.391
9122.803	50.796	-65.350
9255.497	50.331	-62.526
9390.121	49.959	-60.293
9526.704	49.560	-58.618
9665.273	49.064	-56.380
9805.857	48.657	-52.860
9948.487	48.503	-49.123
10093.191	48.535	-45.800
10240.000	48.775	-42.944
10388.944	49.250	-41.431
10540.055	49.841	-42.276
10693.363	50.354	-45.977
10848.902	50.592	-52.251
11006.703	50.419	-59.920
11166.799	49.809	-67.336
11329.224	48.865	-73.305
11494.012	47.749	-77.658
11661.195	46.589	-81.012
11830.812	45.401	-84.068
12002.895	44.113	-87.038
12177.480	42.633	-89.562
12354.606	40.895	-90.907
12534.309	38.894	-90.138
12716.624	36.715	-86.479
12901.592	34.529	-79.865
13089.250	32.505	-71.027
13279.637	30.655	-60.155
13472.794	28.983	-45.906
13668.760	27.918	-27.830
13867.577	28.118	-8.778
14069.285	29.476	6.891
14273.928	31.354	17.098
14481.547	33.408	22.014
14692.186	35.498	21.885
14905.889	37.450	16.322
15122.700	39.016	5.038
15342.664	39.970	-10.965
15565.829	40.235	-29.035
15792.239	39.918	-46.373
16021.942	39.259	-61.878
16254.986	38.512	-76.194
16491.422	37.866	-90.952
16731.295	37.380	-108.771
16974.656	36.778	-132.497
17221.559	35.473	-161.634
17472.053	33.042	168.967
17726.189	29.551	141.323
17984.021	25.369	104.414
18245.605	20.824	33.960
18510.994	16.772	-72.530
18780.242	14.698	-166.408
19053.408	13.175	133.381
19330.547	11.108	73.841
19611.715	8.749	-15.875
19896.975	6.918	-101.133
