* Measurement data measured by REW V5.20 Beta 9
* Source: In 1-2 (MOTU M Series), LINE_IN (Master Volume), L, volume: 0.250
* Format: 256k Log Swept Sine, 1 sweep at -12.0 dBFS  With no timing reference
* Dated: May 7, 2023 11:50:47 PM
* REW Settings:
*  C-weighting compensation: Off
*  Target level: 75.0 dB
* Note: ; 
* Measurement: TRN MT1 MAX (023) R
* Smoothing: 1/24 octave
* Frequency Step: 1/48 octave
* Start Frequency: 10.1 Hz
*
* Freq(Hz)	SPL(dB)	Phase(degrees)
10.145	58.752	-110.726
10.293	58.810	-111.341
10.443	58.872	-112.380
10.595	59.000	-114.062
10.749	59.145	-115.981
10.905	59.272	-117.705
11.064	59.394	-119.376
11.225	59.508	-120.962
11.388	59.617	-122.488
11.554	59.726	-124.046
11.722	59.835	-125.617
11.892	59.943	-127.189
12.065	60.049	-128.761
12.241	60.154	-130.318
12.419	60.256	-131.866
12.599	60.355	-133.410
12.782	60.452	-134.947
12.968	60.546	-136.473
13.157	60.637	-137.989
13.348	60.727	-139.491
13.543	60.816	-140.982
13.740	60.904	-142.461
13.939	60.990	-143.930
14.142	61.075	-145.389
14.348	61.158	-146.838
14.557	61.239	-148.279
14.768	61.319	-149.711
14.983	61.398	-151.136
15.201	61.476	-152.552
15.422	61.553	-153.961
15.646	61.629	-155.362
15.874	61.702	-156.755
16.105	61.774	-158.137
16.339	61.843	-159.508
16.577	61.910	-160.865
16.818	61.976	-162.206
17.063	62.042	-163.529
17.311	62.109	-164.836
17.563	62.177	-166.132
17.818	62.245	-167.422
18.077	62.314	-168.719
18.340	62.383	-170.031
18.607	62.449	-171.360
18.877	62.511	-172.706
19.152	62.567	-174.059
19.431	62.616	-175.398
19.713	62.656	-176.674
20.000	62.685	-177.816
20.291	62.699	-178.762
20.586	62.702	-179.493
20.885	62.699	179.937
21.189	62.698	179.430
21.497	62.702	178.916
21.810	62.708	178.383
22.127	62.711	177.852
22.449	62.712	177.347
22.776	62.712	176.883
23.107	62.712	176.454
23.443	62.714	176.045
23.784	62.716	175.635
24.130	62.716	175.214
24.481	62.709	174.786
24.837	62.697	174.363
25.198	62.679	173.960
25.565	62.659	173.578
25.937	62.640	173.206
26.314	62.623	172.826
26.697	62.606	172.422
27.085	62.587	171.994
27.479	62.567	171.550
27.879	62.545	171.106
28.284	62.522	170.674
28.696	62.500	170.258
29.113	62.482	169.854
29.537	62.468	169.451
29.966	62.457	169.038
30.402	62.446	168.609
30.844	62.432	168.171
31.293	62.414	167.736
31.748	62.393	167.318
32.210	62.370	166.919
32.678	62.346	166.532
33.154	62.320	166.147
33.636	62.292	165.760
34.125	62.261	165.372
34.621	62.228	164.986
35.125	62.195	164.599
35.636	62.161	164.207
36.154	62.127	163.808
36.680	62.093	163.400
37.214	62.059	162.983
37.755	62.023	162.562
38.304	61.987	162.149
38.861	61.950	161.756
39.427	61.916	161.382
40.000	61.886	161.011
40.582	61.858	160.622
41.172	61.827	160.218
41.771	61.792	159.816
42.379	61.754	159.432
42.995	61.715	159.064
43.620	61.674	158.712
44.255	61.630	158.382
44.898	61.587	158.078
45.552	61.547	157.783
46.214	61.508	157.477
46.886	61.468	157.144
47.568	61.426	156.784
48.260	61.381	156.404
48.962	61.331	156.011
49.674	61.279	155.613
50.397	61.226	155.216
51.130	61.174	154.825
51.874	61.125	154.437
52.628	61.077	154.048
53.394	61.028	153.668
54.170	60.977	153.318
54.958	60.925	153.001
55.758	60.873	152.703
56.569	60.818	152.413
57.391	60.760	152.131
58.226	60.700	151.851
59.073	60.641	151.557
59.932	60.584	151.232
60.804	60.527	150.872
61.688	60.469	150.499
62.586	60.412	150.130
63.496	60.354	149.773
64.420	60.291	149.432
65.357	60.220	149.138
66.307	60.145	148.901
67.272	60.070	148.675
68.250	59.992	148.424
69.243	59.911	148.147
70.250	59.828	147.901
71.272	59.764	147.690
72.309	59.720	147.373
73.360	59.667	146.968
74.427	59.600	146.653
75.510	59.534	146.441
76.608	59.469	146.235
77.723	59.393	145.999
78.853	59.305	145.760
80.000	59.213	145.513
81.164	59.117	145.266
82.344	59.022	145.063
83.542	58.929	144.930
84.757	58.835	144.892
85.990	58.740	144.912
87.241	58.636	144.916
88.510	58.509	144.926
89.797	58.386	145.181
91.103	58.351	145.310
92.428	58.332	144.845
93.773	58.270	144.337
95.137	58.201	144.053
96.520	58.129	143.906
97.924	58.048	143.804
99.349	57.954	143.682
100.794	57.855	143.510
102.260	57.755	143.290
103.747	57.654	143.127
105.256	57.548	143.102
106.787	57.435	143.252
108.340	57.317	143.486
109.916	57.205	143.723
111.515	57.109	143.921
113.137	57.036	144.210
114.783	56.993	144.648
116.452	56.958	145.205
118.146	56.923	145.828
119.865	56.921	146.183
121.608	56.922	145.764
123.377	56.870	145.020
125.171	56.803	144.519
126.992	56.749	144.304
128.839	56.694	144.180
130.713	56.617	144.021
132.615	56.524	143.847
134.543	56.426	143.719
136.500	56.321	143.658
138.486	56.204	143.660
140.500	56.083	143.714
142.544	55.976	143.819
144.617	55.886	143.969
146.721	55.799	144.159
148.855	55.709	144.410
151.020	55.628	144.726
153.217	55.572	145.082
155.445	55.542	145.414
157.706	55.529	145.683
160.000	55.537	145.885
162.327	55.567	145.978
164.688	55.605	145.943
167.084	55.630	145.761
169.514	55.623	145.463
171.980	55.572	145.161
174.481	55.472	144.965
177.019	55.333	144.908
179.594	55.182	144.959
182.206	55.046	145.067
184.856	54.930	145.189
187.545	54.824	145.323
190.273	54.724	145.439
193.041	54.625	145.515
195.849	54.520	145.573
198.697	54.412	145.627
201.587	54.305	145.692
204.520	54.203	145.788
207.494	54.106	145.916
210.512	54.010	146.081
213.574	53.912	146.290
216.681	53.814	146.552
219.833	53.720	146.868
223.030	53.632	147.254
226.274	53.552	147.707
229.565	53.492	148.178
232.905	53.458	148.584
236.292	53.439	148.869
239.729	53.416	149.039
243.216	53.373	149.153
246.754	53.307	149.259
250.343	53.229	149.375
253.984	53.149	149.511
257.678	53.065	149.684
261.426	52.979	149.887
265.229	52.890	150.106
269.087	52.799	150.344
273.001	52.711	150.646
276.972	52.627	151.017
281.000	52.549	151.398
285.088	52.475	151.770
289.234	52.396	152.159
293.441	52.317	152.555
297.710	52.244	152.965
302.040	52.180	153.428
306.433	52.126	153.903
310.890	52.079	154.357
315.412	52.033	154.909
320.000	51.976	155.676
324.655	51.911	156.527
329.377	51.860	157.425
334.168	51.826	158.393
339.028	51.782	159.330
343.959	51.727	160.220
348.962	51.669	161.096
354.038	51.609	161.989
359.188	51.549	162.894
364.412	51.489	163.823
369.713	51.426	164.780
375.090	51.362	165.758
380.546	51.300	166.761
386.081	51.239	167.776
391.697	51.180	168.798
397.395	51.122	169.828
403.175	51.064	170.852
409.039	51.007	171.869
414.989	50.951	172.890
421.025	50.894	173.929
427.149	50.839	174.993
433.362	50.786	176.083
439.665	50.735	177.183
446.060	50.686	178.287
452.548	50.639	179.394
459.131	50.593	-179.492
465.809	50.549	-178.372
472.584	50.507	-177.243
479.458	50.465	-176.096
486.432	50.424	-174.935
493.507	50.384	-173.770
500.686	50.344	-172.596
507.968	50.307	-171.415
515.357	50.271	-170.228
522.853	50.236	-169.032
530.458	50.201	-167.825
538.174	50.166	-166.602
546.002	50.133	-165.366
553.943	50.101	-164.126
562.001	50.070	-162.879
570.175	50.040	-161.623
578.469	50.010	-160.356
586.883	49.983	-159.076
595.419	49.956	-157.787
604.080	49.932	-156.488
612.866	49.909	-155.173
621.780	49.889	-153.846
630.824	49.869	-152.507
640.000	49.851	-151.152
649.309	49.834	-149.785
658.753	49.819	-148.408
668.335	49.805	-147.024
678.056	49.793	-145.631
687.919	49.782	-144.220
697.925	49.771	-142.791
708.076	49.761	-141.345
718.376	49.754	-139.884
728.825	49.749	-138.407
739.426	49.743	-136.913
750.181	49.735	-135.393
761.093	49.723	-133.831
772.163	49.709	-132.179
783.394	49.700	-130.395
794.789	49.706	-128.470
806.349	49.744	-126.444
818.078	49.826	-124.452
829.977	49.941	-122.665
842.050	50.058	-121.143
854.297	50.155	-119.787
866.724	50.229	-118.461
879.330	50.291	-117.095
892.120	50.350	-115.676
905.097	50.411	-114.213
918.262	50.475	-112.716
931.618	50.546	-111.199
945.169	50.623	-109.676
958.917	50.704	-108.152
972.864	50.787	-106.637
987.015	50.873	-105.133
1001.371	50.964	-103.647
1015.937	51.059	-102.180
1030.714	51.159	-100.738
1045.706	51.264	-99.323
1060.916	51.370	-97.938
1076.347	51.476	-96.584
1092.003	51.585	-95.266
1107.887	51.701	-93.985
1124.001	51.822	-92.737
1140.350	51.943	-91.513
1156.937	52.064	-90.310
1173.765	52.185	-89.134
1190.838	52.304	-87.985
1208.159	52.423	-86.858
1225.732	52.540	-85.749
1243.561	52.655	-84.650
1261.649	52.767	-83.558
1280.000	52.877	-82.471
1298.618	52.986	-81.382
1317.507	53.094	-80.293
1336.670	53.206	-79.208
1356.113	53.326	-78.124
1375.838	53.452	-77.036
1395.850	53.579	-75.939
1416.153	53.706	-74.831
1436.751	53.834	-73.714
1457.649	53.963	-72.592
1478.851	54.097	-71.469
1500.362	54.235	-70.344
1522.185	54.379	-69.217
1544.326	54.530	-68.090
1566.789	54.687	-66.961
1589.578	54.849	-65.829
1612.699	55.014	-64.700
1636.156	55.186	-63.578
1659.955	55.363	-62.468
1684.099	55.548	-61.371
1708.595	55.738	-60.289
1733.447	55.933	-59.224
1758.661	56.134	-58.184
1784.241	56.340	-57.169
1810.193	56.554	-56.181
1836.523	56.774	-55.228
1863.236	57.001	-54.317
1890.338	57.237	-53.452
1917.833	57.480	-52.641
1945.729	57.732	-51.888
1974.030	57.991	-51.199
2002.743	58.258	-50.584
2031.873	58.532	-50.053
2061.428	58.810	-49.612
2091.412	59.093	-49.269
2121.832	59.381	-49.037
2152.695	59.673	-48.929
2184.007	59.967	-48.955
2215.774	60.260	-49.121
2248.003	60.549	-49.436
2280.701	60.832	-49.902
2313.874	61.104	-50.524
2347.530	61.360	-51.306
2381.676	61.597	-52.242
2416.318	61.810	-53.325
2451.464	61.998	-54.541
2487.122	62.160	-55.874
2523.298	62.294	-57.294
2560.000	62.396	-58.770
2597.236	62.467	-60.269
2635.014	62.506	-61.757
2673.341	62.514	-63.196
2712.226	62.493	-64.547
2751.676	62.448	-65.777
2791.700	62.379	-66.857
2832.306	62.291	-67.764
2873.503	62.188	-68.485
2915.299	62.074	-69.014
2957.703	61.954	-69.359
3000.724	61.833	-69.543
3044.370	61.711	-69.589
3088.652	61.588	-69.516
3133.577	61.463	-69.327
3179.156	61.340	-69.014
3225.398	61.220	-68.577
3272.312	61.107	-68.018
3319.909	61.003	-67.349
3368.198	60.911	-66.579
3417.190	60.829	-65.720
3466.894	60.755	-64.781
3517.321	60.693	-63.775
3568.482	60.647	-62.715
3620.387	60.620	-61.613
3673.046	60.613	-60.484
3726.472	60.630	-59.344
3780.675	60.670	-58.211
3835.666	60.739	-57.106
3891.457	60.841	-56.053
3948.060	60.975	-55.085
4005.486	61.140	-54.238
4063.747	61.334	-53.557
4122.855	61.553	-53.097
4182.824	61.789	-52.918
4243.664	62.035	-53.082
4305.390	62.287	-53.656
4368.013	62.534	-54.703
4431.547	62.754	-56.240
4496.005	62.928	-58.264
4561.401	63.051	-60.774
4627.749	63.121	-63.725
4695.061	63.131	-67.011
4763.352	63.071	-70.489
4832.637	62.917	-73.978
4902.929	62.641	-77.269
4974.244	62.231	-80.198
5046.596	61.691	-82.634
5120.000	61.020	-84.380
5194.472	60.212	-85.026
5270.027	59.312	-83.627
5346.682	58.608	-79.624
5424.451	58.494	-75.716
5503.352	58.577	-75.366
5583.399	58.310	-76.707
5664.612	57.776	-77.015
5747.006	57.188	-76.031
5830.598	56.639	-74.235
5915.406	56.146	-71.945
6001.447	55.708	-69.318
6088.740	55.328	-66.436
6177.303	55.007	-63.345
6267.154	54.745	-60.078
6358.312	54.537	-56.665
6450.796	54.383	-53.128
6544.625	54.288	-49.491
6639.818	54.254	-45.789
6736.397	54.285	-42.053
6834.380	54.385	-38.321
6933.789	54.556	-34.626
7034.643	54.809	-31.016
7136.964	55.159	-27.557
7240.773	55.622	-24.355
7346.093	56.214	-21.563
7452.944	56.951	-19.388
7561.350	57.850	-18.144
7671.332	58.906	-18.353
7782.915	60.062	-20.808
7896.120	61.168	-26.487
8010.971	61.974	-36.024
8127.493	62.240	-48.721
8245.711	61.832	-62.063
8365.647	60.779	-72.993
8487.328	59.274	-79.988
8610.779	57.593	-83.300
8736.026	55.957	-83.869
8863.095	54.474	-82.579
8992.011	53.171	-80.059
9122.803	52.041	-76.696
9255.497	51.068	-72.722
9390.121	50.248	-68.340
9526.704	49.570	-63.749
9665.273	49.017	-59.034
9805.857	48.590	-54.209
9948.487	48.289	-49.317
10093.191	48.110	-44.408
10240.000	48.060	-39.527
10388.944	48.157	-34.802
10540.055	48.408	-30.417
10693.363	48.820	-26.521
10848.902	49.420	-23.314
11006.703	50.227	-21.195
11166.799	51.229	-20.789
11329.224	52.348	-22.949
11494.012	53.404	-28.622
11661.195	54.125	-38.180
11830.812	54.252	-50.385
12002.895	53.679	-62.371
12177.480	52.523	-71.443
12354.606	51.045	-76.710
12534.309	49.526	-78.829
12716.624	48.157	-78.908
12901.592	47.007	-77.791
13089.250	46.083	-75.949
13279.637	45.391	-73.694
13472.794	44.947	-71.343
13668.760	44.766	-69.230
13867.577	44.865	-67.745
14069.285	45.287	-67.435
14273.928	46.073	-69.151
14481.547	47.176	-74.257
14692.186	48.354	-84.564
14905.889	49.184	-101.146
15122.700	49.294	-122.400
15342.664	48.623	-144.745
15565.829	47.379	-165.759
15792.239	45.854	174.420
16021.942	44.195	153.718
16254.986	42.221	131.217
16491.422	39.574	109.823
16731.295	36.279	91.363
16974.656	33.038	68.112
17221.559	29.808	34.404
17472.053	25.996	-8.147
17726.189	22.046	-54.646
17984.021	19.968	-96.775
18245.605	20.372	-129.528
18510.994	21.445	-155.367
18780.242	22.295	-178.942
19053.408	22.804	154.399
19330.547	23.072	111.276
19611.715	23.250	38.921
19896.975	23.418	-27.995
