* Measurement data measured by REW V5.20.5
* Source: USB Sound Device        , MICROPHONE, L, volume: 0.666
* Format: 256k Log Swept Sine, 1 sweep at -6.0 dBFS with no timing reference
* Dated: 7 Mar, 2023 9:30:42 PM
* REW Settings:
*  C-weighting compensation: Off
*  Target level: 75.0 dB
* Note: 
* Measurement: SIMGOT EA2000 N4A000 Mar 7
* Smoothing: None
* Frequency Step: 1/48 octave
* Start Frequency: 20.000 Hz
*
* Freq(Hz)	SPL(dB)	Phase(degrees)
20.000000	97.986	-167.7188
20.299999	97.999	-168.2879
20.600000	98.012	-168.8464
20.900000	98.024	-169.3941
21.200001	98.036	-169.9331
21.400000	98.043	-170.2897
21.799999	98.058	-170.9990
22.000000	98.064	-171.3516
22.400000	98.075	-172.0490
22.700001	98.081	-172.5597
23.000000	98.087	-173.0565
23.299999	98.092	-173.5419
23.600000	98.097	-174.0203
24.000000	98.104	-174.6541
24.299999	98.108	-175.1280
24.700001	98.111	-175.7529
25.000000	98.112	-176.2111
25.400000	98.112	-176.8052
25.799999	98.112	-177.3844
26.200001	98.112	-177.9563
26.500000	98.111	-178.3825
26.900000	98.109	-178.9453
27.200001	98.107	-179.3612
27.600000	98.103	-179.9063
28.000000	98.099	179.5581
28.500000	98.094	178.8982
29.000000	98.087	178.2465
29.500000	98.080	177.6028
30.000000	98.070	176.9691
30.400000	98.062	176.4739
30.700001	98.055	176.1117
31.100000	98.046	175.6390
31.500000	98.038	175.1716
32.000000	98.028	174.5837
32.500000	98.015	173.9939
33.000000	97.999	173.4208
33.500000	97.982	172.8749
34.000000	97.967	172.3443
34.500000	97.953	171.8109
35.000000	97.938	171.2738
35.500000	97.920	170.7459
36.000000	97.902	170.2353
36.500000	97.884	169.7384
37.000000	97.866	169.2487
37.500000	97.849	168.7628
38.200001	97.824	168.0864
38.700001	97.806	167.6071
39.500000	97.773	166.8583
40.000000	97.752	166.4048
40.599998	97.727	165.8726
41.200001	97.701	165.3511
41.799999	97.675	164.8381
42.500000	97.645	164.2443
43.099998	97.618	163.7410
43.700001	97.590	163.2510
44.400002	97.558	162.6948
45.000000	97.532	162.2199
45.500000	97.509	161.8224
46.200001	97.476	161.2726
46.799999	97.446	160.8174
47.500000	97.412	160.3014
48.200001	97.379	159.7919
48.700001	97.355	159.4329
49.400002	97.321	158.9402
50.000000	97.291	158.5236
50.799999	97.252	157.9731
51.500000	97.216	157.5007
52.200001	97.179	157.0377
53.000000	97.137	156.5254
53.799999	97.097	156.0278
54.500000	97.062	155.5851
55.200001	97.025	155.1425
56.000000	96.982	154.6639
57.000000	96.932	154.0814
58.000000	96.881	153.4891
59.000000	96.828	152.9251
60.000000	96.776	152.3774
60.799999	96.733	151.9441
61.500000	96.695	151.5801
62.200001	96.658	151.2289
63.000000	96.619	150.8238
64.000000	96.567	150.2973
65.000000	96.511	149.8027
66.000000	96.459	149.3371
67.000000	96.408	148.8613
68.000000	96.357	148.3942
69.000000	96.302	147.9139
70.000000	96.245	147.4920
71.000000	96.197	147.0703
72.000000	96.144	146.6290
73.000000	96.093	146.2219
74.000000	96.042	145.7949
75.000000	95.987	145.3955
76.199997	95.925	144.9318
77.500000	95.857	144.4489
78.800003	95.791	143.9735
80.000000	95.731	143.5482
81.199997	95.671	143.1092
82.500000	95.602	142.6625
83.800003	95.539	142.2388
85.000000	95.478	141.8340
86.199997	95.418	141.4597
87.500000	95.355	141.0607
88.500000	95.306	140.7468
90.000000	95.228	140.3071
91.199997	95.172	139.9675
92.500000	95.107	139.5850
93.800003	95.045	139.2501
95.000000	94.991	138.9185
96.199997	94.933	138.5966
97.500000	94.871	138.2636
98.800003	94.809	137.9449
100.000000	94.754	137.6483
101.500000	94.685	137.2826
103.000000	94.614	136.9235
104.400002	94.550	136.6180
106.000000	94.480	136.2673
107.500000	94.413	135.9432
109.000000	94.345	135.6411
110.599998	94.276	135.3237
112.000000	94.216	135.0490
113.800003	94.136	134.6867
115.000000	94.086	134.4815
117.199997	93.994	134.0817
118.000000	93.962	133.9395
120.599998	93.855	133.4958
122.000000	93.797	133.2430
124.099998	93.714	132.9158
125.000000	93.677	132.7766
126.500000	93.618	132.5522
128.000000	93.562	132.3394
131.500000	93.423	131.8499
132.000000	93.404	131.7795
134.000000	93.330	131.4764
136.000000	93.254	131.2032
138.000000	93.180	130.9847
140.000000	93.107	130.7474
143.000000	93.000	130.4066
145.000000	92.932	130.1621
147.500000	92.845	129.8893
150.000000	92.761	129.6411
152.500000	92.678	129.3964
155.000000	92.596	129.1660
157.500000	92.514	128.9196
160.000000	92.428	128.7436
162.500000	92.356	128.5078
165.000000	92.282	128.3002
167.500000	92.205	128.1084
170.000000	92.131	127.9262
172.500000	92.065	127.7602
175.000000	91.984	127.5719
177.500000	91.916	127.4174
180.000000	91.851	127.2498
182.500000	91.780	127.0988
185.000000	91.714	126.9637
187.500000	91.648	126.8017
190.000000	91.580	126.6586
192.500000	91.523	126.5143
195.000000	91.458	126.4063
197.500000	91.397	126.2966
200.000000	91.338	126.1449
203.000000	91.264	125.9978
206.000000	91.195	125.8765
209.000000	91.120	125.7681
212.000000	91.060	125.6771
214.000000	91.017	125.5698
218.000000	90.936	125.4667
220.000000	90.899	125.4553
224.000000	90.806	125.2037
227.000000	90.741	125.1685
230.000000	90.688	125.0690
233.000000	90.634	124.9487
236.000000	90.569	124.8693
240.000000	90.498	124.7708
243.000000	90.444	124.6968
247.000000	90.374	124.5900
250.000000	90.326	124.5349
254.000000	90.253	124.4682
258.000000	90.184	124.3433
262.000000	90.122	124.2866
265.000000	90.078	124.2663
269.000000	90.018	124.1752
272.000000	89.968	124.1444
276.000000	89.909	124.0699
280.000000	89.857	124.0107
285.000000	89.780	123.9501
290.000000	89.714	123.8817
295.000000	89.651	123.8148
300.000000	89.588	123.7679
304.000000	89.540	123.7140
307.000000	89.502	123.7149
311.000000	89.456	123.6524
315.000000	89.410	123.6188
320.000000	89.354	123.5826
325.000000	89.303	123.5379
330.000000	89.253	123.5037
335.000000	89.198	123.4636
340.000000	89.150	123.4411
345.000000	89.096	123.4267
350.000000	89.053	123.3900
355.000000	89.012	123.3833
360.000000	88.967	123.3643
365.000000	88.921	123.3414
370.000000	88.889	123.3233
375.000000	88.843	123.3011
382.000000	88.792	123.3344
387.000000	88.751	123.3099
395.000000	88.699	123.2591
400.000000	88.658	123.2810
406.000000	88.628	123.2389
412.000000	88.592	123.2530
418.000000	88.556	123.2490
425.000000	88.517	123.2332
431.000000	88.481	123.2631
437.000000	88.456	123.2258
444.000000	88.422	123.2280
450.000000	88.396	123.2381
455.000000	88.363	123.2937
462.000000	88.334	123.2399
468.000000	88.308	123.2696
475.000000	88.281	123.3212
482.000000	88.247	123.3401
487.000000	88.233	123.3476
494.000000	88.212	123.3499
500.000000	88.190	123.3432
508.000000	88.171	123.3879
515.000000	88.150	123.3899
522.000000	88.128	123.4772
530.000000	88.108	123.4742
538.000000	88.094	123.5323
545.000000	88.079	123.5645
552.000000	88.066	123.5570
560.000000	88.053	123.6186
570.000000	88.040	123.6888
580.000000	88.019	123.7714
590.000000	88.014	123.8355
600.000000	88.019	123.9135
608.000000	88.007	123.9689
615.000000	88.004	124.0333
622.000000	88.012	124.0573
630.000000	88.009	124.0809
640.000000	88.007	124.2018
650.000000	88.013	124.3173
660.000000	88.026	124.4116
670.000000	88.037	124.5157
680.000000	88.047	124.6199
690.000000	88.056	124.6888
700.000000	88.075	124.8333
710.000000	88.097	124.9309
720.000000	88.123	125.0331
730.000000	88.148	125.1128
740.000000	88.175	125.2842
750.000000	88.211	125.3076
762.000000	88.251	125.4872
775.000000	88.303	125.6462
788.000000	88.349	125.7683
800.000000	88.406	125.8907
812.000000	88.467	126.0406
825.000000	88.540	126.1263
838.000000	88.611	126.2737
850.000000	88.684	126.3406
862.000000	88.751	126.3879
875.000000	88.828	126.4662
885.000000	88.896	126.5266
900.000000	89.010	126.5224
912.000000	89.090	126.5671
925.000000	89.192	126.5764
938.000000	89.291	126.5491
950.000000	89.385	126.4959
962.000000	89.483	126.4449
975.000000	89.591	126.3068
988.000000	89.702	126.1853
1000.000000	89.777	126.0480
1015.000000	89.928	125.7855
1030.000000	90.062	125.5103
1044.000000	90.173	125.2937
1060.000000	90.302	124.8566
1075.000000	90.405	124.4922
1090.000000	90.479	124.2245
1106.000000	90.614	124.4825
1120.000000	90.801	124.1688
1138.000000	90.975	123.5313
1150.000000	91.085	123.1527
1172.000000	91.264	122.3964
1180.000000	91.328	122.1198
1206.000000	91.533	121.2756
1220.000000	91.643	120.8209
1241.000000	91.804	120.0729
1250.000000	91.868	119.7367
1265.000000	91.976	119.2135
1280.000000	92.086	118.7434
1315.000000	92.335	117.5500
1320.000000	92.372	117.3699
1340.000000	92.512	116.6973
1360.000000	92.658	116.0056
1380.000000	92.799	115.3830
1400.000000	92.941	114.6791
1430.000000	93.153	113.6828
1450.000000	93.292	113.0436
1475.000000	93.476	112.2003
1500.000000	93.664	111.3561
1525.000000	93.852	110.5258
1550.000000	94.037	109.6984
1575.000000	94.233	108.8088
1600.000000	94.429	107.9548
1625.000000	94.630	107.0645
1650.000000	94.831	106.1555
1675.000000	95.040	105.1756
1700.000000	95.252	104.2092
1725.000000	95.468	103.1942
1750.000000	95.686	102.1757
1775.000000	95.908	101.0652
1800.000000	96.131	99.9355
1825.000000	96.366	98.7582
1850.000000	96.601	97.5389
1875.000000	96.837	96.2302
1900.000000	97.071	94.8606
1925.000000	97.311	93.4279
1950.000000	97.555	91.8824
1975.000000	97.793	90.2737
2000.000000	98.043	88.5930
2030.000000	98.325	86.3727
2060.000000	98.608	84.0103
2090.000000	98.882	81.4782
2120.000000	99.141	78.7191
2140.000000	99.302	76.7859
2180.000000	99.591	72.7036
2200.000000	99.714	70.5060
2240.000000	99.911	66.0505
2270.000000	100.012	62.6292
2300.000000	100.069	59.2074
2330.000000	100.095	55.8181
2360.000000	100.084	52.4909
2400.000000	100.027	48.2667
2430.000000	99.955	45.2291
2470.000000	99.816	41.3668
2500.000000	99.695	38.6768
2540.000000	99.501	35.2347
2580.000000	99.292	32.1197
2620.000000	99.064	29.2377
2650.000000	98.888	27.2566
2690.000000	98.637	24.8190
2720.000000	98.453	23.1629
2760.000000	98.201	21.1308
2800.000000	97.950	19.3168
2850.000000	97.644	17.3832
2900.000000	97.346	15.6683
2950.000000	97.059	14.2161
3000.000000	96.781	13.0260
3040.000000	96.576	12.1903
3070.000000	96.425	11.6180
3110.000000	96.238	10.9827
3150.000000	96.053	10.4717
3200.000000	95.846	9.9576
3250.000000	95.653	9.5300
3300.000000	95.469	9.2229
3350.000000	95.315	9.0552
3400.000000	95.168	8.9172
3450.000000	95.043	8.9338
3500.000000	94.925	8.9824
3550.000000	94.829	9.1515
3600.000000	94.747	9.2906
3650.000000	94.682	9.5466
3700.000000	94.629	9.8206
3750.000000	94.589	10.1794
3820.000000	94.562	10.6796
3870.000000	94.567	11.0743
3950.000000	94.598	11.7617
4000.000000	94.633	12.1406
4060.000000	94.697	12.7228
4120.000000	94.790	13.2456
4180.000000	94.904	13.7828
4250.000000	95.067	14.3152
4310.000000	95.233	14.6868
4370.000000	95.413	14.9885
4440.000000	95.648	15.2155
4500.000000	95.879	15.2402
4550.000000	96.062	15.0667
4620.000000	96.314	14.7899
4680.000000	96.536	14.7081
4750.000000	96.878	14.4625
4820.000000	97.242	13.6830
4870.000000	97.508	12.7847
4940.000000	97.859	11.1444
5000.000000	98.141	9.3225
5080.000000	98.440	6.5341
5150.000000	98.638	3.7792
5220.000000	98.755	0.8442
5300.000000	98.778	-2.4817
5380.000000	98.697	-5.4850
5450.000000	98.562	-7.6915
5520.000000	98.393	-9.3679
5600.000000	98.192	-10.6145
5700.000000	97.983	-11.4602
5800.000000	97.872	-11.7033
5900.000000	97.863	-11.7947
6000.000000	97.950	-12.1963
6080.000000	98.056	-12.8312
6150.000000	98.156	-13.8455
6220.000000	98.241	-15.1520
6300.000000	98.276	-16.9674
6400.000000	98.224	-19.5313
6500.000000	98.056	-21.9356
6600.000000	97.782	-23.9406
6700.000000	97.429	-25.2946
6800.000000	97.043	-25.9382
6900.000000	96.667	-25.7982
7000.000000	96.308	-25.0507
7100.000000	96.000	-23.7571
7200.000000	95.761	-22.0787
7300.000000	95.579	-20.1162
7400.000000	95.458	-17.9969
7500.000000	95.400	-15.7640
7620.000000	95.430	-12.9784
7750.000000	95.582	-9.9650
7880.000000	95.853	-7.2823
8000.000000	96.217	-5.3669
8120.000000	96.703	-3.9078
8250.000000	97.332	-3.5660
8380.000000	98.042	-4.8779
8500.000000	98.699	-7.9375
8620.000000	99.242	-13.2217
8750.000000	99.507	-21.1923
8850.000000	99.355	-28.1526
9000.000000	98.540	-37.6459
9120.000000	97.518	-43.0720
9250.000000	96.264	-46.3259
9380.000000	94.991	-47.3625
9500.000000	93.869	-46.6249
9620.000000	92.854	-44.7819
9750.000000	91.865	-41.8346
9880.000000	90.968	-38.1006
10000.000000	90.268	-34.2139
10150.000000	89.499	-28.6008
10300.000000	88.861	-22.5607
10440.000000	88.376	-16.8596
10600.000000	87.930	-9.9500
10750.000000	87.638	-3.1805
10900.000000	87.465	3.3895
11060.000000	87.347	10.5384
11200.000000	87.335	16.7349
11380.000000	87.466	24.5100
11500.000000	87.628	29.3395
11720.000000	88.086	37.2009
11800.000000	88.255	39.6731
12060.000000	88.890	44.9805
12200.000000	89.149	46.1606
12410.000000	89.203	45.9809
12500.000000	89.084	45.3076
12650.000000	88.620	44.3954
12800.000000	87.817	44.4180
13150.000000	85.308	51.0356
13200.000000	84.943	53.0601
13400.000000	83.867	63.1299
13600.000000	83.344	68.9640
13800.000000	82.045	75.7829
14000.000000	81.068	85.8130
14300.000000	79.853	99.4696
14500.000000	78.972	108.9388
14750.000000	78.072	122.6229
15000.000000	77.502	136.2572
15250.000000	77.184	149.8286
15500.000000	77.013	163.5449
15750.000000	77.119	175.2105
16000.000000	77.407	-173.9348
16250.000000	77.930	-166.5339
16500.000000	78.376	-162.2505
16750.000000	78.454	-163.5075
17000.000000	77.817	-167.7208
17250.000000	75.951	-171.4419
17500.000000	73.104	-169.2203
17750.000000	70.549	-161.8274
18000.000000	68.108	-146.1564
18250.000000	66.870	-131.8891
18500.000000	65.549	-116.0497
18750.000000	65.228	-108.6730
19000.000000	65.394	-107.8257
19250.000000	64.921	-108.7919
19500.000000	63.462	-121.7505
19750.000000	60.172	-129.1053
