FFT	AudioTools 	v14.7.2 iPad battery  99%	2021/04/15 18:47	Headset Mic 3 Low Range	EB05A3E2-10AC-49FE-A287-06AC06EBE5AD
Frequency	dB	Unweighted
19.5	54
19.8	54
20.1	54.1
20.3	54.1
20.6	54.2
20.9	54.2
21.2	54.2
21.6	54.3
21.9	54.3
22.2	54.4
22.5	54.4
22.8	54.5
23.2	54.6
23.5	54.7
23.8	54.8
24.2	54.9
24.5	55
24.9	55.1
25.3	55.2
25.6	55.3
26	55.3
26.4	55.4
26.8	55.3
27.2	55.3
27.5	55.3
28	55.2
28.4	55.1
28.8	55.1
29.2	55.1
29.6	55.1
30	55.1
30.5	55.1
30.9	55.1
31.4	55.2
31.8	55.2
32.3	55.3
32.8	55.4
33.2	55.5
33.7	55.7
34.2	55.9
34.7	56
35.2	56.2
35.7	56.2
36.2	56.3
36.8	56.3
37.3	56.2
37.9	56.2
38.4	56.2
39	56.1
39.5	56
40.1	55.9
40.7	55.8
41.3	55.7
41.9	55.7
42.5	55.7
43.1	55.8
43.7	55.9
44.4	56
45	56
45.7	56.1
46.3	56.2
47	56.3
47.7	56.4
48.4	56.5
49.1	56.7
49.8	56.8
50.5	56.9
51.3	56.9
52	56.9
52.8	56.8
53.5	56.7
54.3	56.5
55.1	56.3
55.9	56.2
56.7	56.1
57.5	56.1
58.4	56.1
59.2	56
60.1	56
61	56
61.8	56.1
62.7	56.1
63.7	56.2
64.6	56.4
65.5	56.5
66.5	56.7
67.4	56.8
68.4	56.9
69.4	56.9
70.4	56.8
71.5	56.7
72.5	56.6
73.5	56.5
74.6	56.4
75.7	56.4
76.8	56.5
77.9	56.5
79.1	56.5
80.2	56.4
81.4	56.2
82.6	56.1
83.8	56
85	56.1
86.2	56.1
87.5	56.1
88.7	56.1
90	56
91.3	56
92.7	56
94	55.8
95.4	55.7
96.8	55.7
98.2	55.7
99.6	55.7
101	55.6
103	55.7
104	55.7
106	55.6
107	55.6
109	55.5
110	55.5
112	55.4
113	55.3
115	55.3
117	55.2
118	55.2
120	55.1
122	55.1
124	55.1
125	55.1
127	55.2
129	55.2
131	55.1
133	55
135	55
137	54.9
139	54.8
141	54.7
143	54.6
145	54.4
147	54.4
149	54.4
151	54.4
154	54.4
156	54.4
158	54.4
160	54.3
163	54.1
165	54
168	53.9
170	53.9
172	53.9
175	53.9
177	53.9
180	53.8
183	53.8
185	53.7
188	53.7
191	53.6
194	53.4
196	53.3
199	53.2
202	53.2
205	53.1
208	53.1
211	53.1
214	53
217	52.9
220	52.9
224	52.9
227	52.8
230	52.7
234	52.7
237	52.6
240	52.5
244	52.5
247	52.4
251	52.3
255	52.2
258	52.1
262	52
266	51.9
270	51.8
274	51.8
278	51.7
282	51.6
286	51.5
290	51.4
294	51.3
298	51.2
303	51.1
307	51.1
312	51.1
316	51.1
321	51.1
325	50.9
330	50.8
335	50.6
340	50.5
345	50.4
350	50.4
355	50.4
360	50.3
365	50.3
371	50.3
376	50.2
382	50.1
387	50
393	49.9
398	49.9
404	49.8
410	49.8
416	49.7
422	49.7
428	49.6
434	49.5
441	49.4
447	49.4
454	49.2
460	49.1
467	49.1
474	49
481	49
488	48.9
495	48.8
502	48.7
509	48.7
517	48.6
524	48.5
532	48.5
540	48.4
547	48.4
555	48.4
563	48.4
572	48.4
580	48.4
588	48.4
597	48.3
606	48.2
614	48.1
623	48
632	47.9
642	47.8
651	47.8
660	47.7
670	47.7
680	47.7
690	47.7
700	47.7
710	47.6
720	47.6
731	47.5
741	47.5
752	47.4
763	47.4
774	47.3
785	47.3
797	47.2
808	47.2
820	47.1
832	47.1
844	47.1
856	47
869	47
882	47.1
894	47.1
907	47.1
921	47.2
934	47.2
948	47.3
961	47.3
975	47.4
990	47.5
1004	47.6
1019	47.6
1033	47.7
1048	47.8
1064	48
1079	48.3
1095	48.5
1111	48.6
1127	48.7
1143	48.9
1160	49
1177	49.3
1194	49.6
1211	49.8
1229	50
1247	50.2
1265	50.3
1283	50.5
1302	50.7
1321	50.9
1340	51.1
1360	51.2
1379	51.4
1399	51.5
1420	51.6
1440	51.8
1461	51.9
1483	52.1
1504	52.2
1526	52.3
1548	52.5
1571	52.6
1594	52.7
1617	52.9
1640	53
1664	53.1
1688	53.2
1713	53.4
1738	53.6
1763	53.7
1789	53.9
1815	54.2
1841	54.3
1868	54.6
1895	54.9
1923	55.1
1951	55.4
1979	55.7
2008	55.9
2037	56.2
2067	56.5
2097	56.8
2127	57
2158	57.4
2190	57.7
2221	58
2254	58.3
2287	58.6
2320	58.9
2354	59.2
2388	59.4
2423	59.6
2458	59.8
2494	60
2530	60.1
2567	60.2
2604	60.3
2642	60.4
2680	60.4
2719	60.3
2759	60.3
2799	60.2
2840	60.2
2881	60.1
2923	60
2965	59.9
3008	59.8
3052	59.7
3097	59.6
3142	59.5
3187	59.4
3234	59.4
3281	59.3
3328	59.3
3377	59.2
3426	59.2
3476	59.2
3526	59.2
3578	59.2
3630	59.3
3682	59.4
3736	59.6
3790	59.7
3846	59.9
3901	60
3958	60.2
4016	60.4
4074	60.6
4133	60.8
4194	60.9
4255	60.9
4316	60.8
4379	60.6
4443	60.2
4508	59.8
4573	59.3
4640	58.9
4707	58.4
4776	57.9
4845	57.3
4916	56.7
4987	56.1
5060	55.4
5133	54.8
5208	54.1
5284	53.5
5360	52.9
5438	52.4
5518	51.8
5598	51.4
5679	50.9
5762	50.6
5846	50.3
5931	49.9
6017	49.6
6104	49.2
6193	48.9
6283	48.6
6375	48.4
6467	48.3
6561	48.1
6657	48.1
6754	48.2
6852	48.3
6952	48.4
7053	48.5
7155	48.6
7259	48.8
7365	49
7472	49.3
7581	49.6
7691	50
7803	50.4
7916	50.8
8032	51.4
8148	52
8267	52.9
8387	53.8
8509	54.9
8633	56
8758	57.1
8886	58.1
9015	58.7
9146	59
9279	58.8
9414	58.3
9551	57.6
9690	56.8
9831	56.1
9974	55
10119	54.4
10266	53.9
10416	53.4
10567	53.1
10721	52.8
10877	52.5
11035	52.3
11196	52.1
11358	51.8
11524	51.5
11691	51.1
11861	50.7
12034	50.3
12209	50.1
12386	50.1
12567	50.4
12749	50.8
12935	51.1
13123	51.1
13314	50.9
13507	50.5
13704	50.1
13903	49.7
14105	49.4
14311	49.2
14519	49
14730	48.6
14944	48
15162	47
15382	45.1
15606	44.2
15833	43.7
16063	43.5
16297	43.7
16534	44.2
16774	45
17018	45.8
17266	46.3
17517	46.2
17772	45.8
18030	45.5
18293	45.3
18559	44.8
18829	43.9
19102	42.6
19380	41.2
20000	40.1
overall dB	85.1 dB
decay	Average
averaging	1/6 Octave
source	Headset Mic 3 Low Range
latitude	0
longitude	0
saved	2021/04/15 18:47
peak	26.4Hz
