* Measurement data measured by REW V5.20.5
* Source: Microphone (High Definition Audio Device), MICROPHONE (É}ÉX?), L, volume: 1.000
* Format: 256k Log Swept Sine, 1 sweep at -10.0 dBFS with no timing reference
* Dated: 2022/03/09 19:56:32
* REW Settings:
*  C-weighting compensation: Off
*  Target level: 75.0 dB
* Note: 
* Measurement: KZ CRN R
* Smoothing: None
* Frequency Step: 1/48 octave
* Start Frequency: 20.000 Hz
*
* Freq(Hz)	SPL(dB)	Phase(degrees)
20.000000	110.360	2.4913
20.299999	110.341	1.9789
20.600000	110.320	1.4342
20.900000	110.292	0.8674
21.200001	110.257	0.3032
21.400000	110.230	-0.0558
21.799999	110.169	-0.7045
22.000000	110.139	-0.9906
22.400000	110.086	-1.5060
22.700001	110.054	-1.8766
23.000000	110.026	-2.2610
23.299999	110.000	-2.6693
23.600000	109.972	-3.0914
24.000000	109.928	-3.6327
24.299999	109.893	-3.9946
24.700001	109.851	-4.4113
25.000000	109.826	-4.6984
25.400000	109.800	-5.0910
25.799999	109.775	-5.5192
26.200001	109.744	-5.9639
26.500000	109.716	-6.2868
26.900000	109.675	-6.6910
27.200001	109.641	-6.9778
27.600000	109.591	-7.3395
28.000000	109.534	-7.6592
28.500000	109.464	-7.9744
29.000000	109.406	-8.2842
29.500000	109.346	-8.7356
30.000000	109.249	-9.2113
30.400000	109.150	-9.3245
30.700001	109.096	-9.1571
31.100000	109.104	-8.7679
31.500000	109.226	-8.7634
32.000000	109.427	-10.1672
32.500000	109.462	-13.0786
33.000000	109.178	-16.0171
33.500000	108.657	-17.0941
34.000000	108.239	-15.5857
34.500000	108.210	-13.1985
35.000000	108.442	-12.3175
35.500000	108.617	-13.1443
36.000000	108.608	-14.2637
36.500000	108.512	-14.6298
37.000000	108.470	-14.4353
37.500000	108.493	-14.4238
38.200001	108.481	-14.9448
38.700001	108.412	-15.1895
39.500000	108.319	-15.1682
40.000000	108.279	-15.2611
40.599998	108.207	-15.4841
41.200001	108.123	-15.6143
41.799999	108.055	-15.7295
42.500000	107.984	-16.0360
43.099998	107.910	-16.3303
43.700001	107.841	-16.5533
44.400002	107.775	-16.8207
45.000000	107.719	-17.0660
45.500000	107.672	-17.2247
46.200001	107.614	-17.3948
46.799999	107.563	-17.5543
47.500000	107.488	-17.6624
48.200001	107.420	-17.5674
48.700001	107.396	-17.5052
49.400002	107.367	-17.6907
50.000000	107.307	-17.9953
50.799999	107.192	-18.1558
51.500000	107.122	-18.1258
52.200001	107.072	-18.2589
53.000000	106.999	-18.5071
53.799999	106.924	-18.6519
54.500000	106.868	-18.7716
55.200001	106.808	-18.8816
56.000000	106.740	-18.9369
57.000000	106.660	-18.9381
58.000000	106.588	-18.9525
59.000000	106.506	-19.0261
60.000000	106.421	-19.0499
60.799999	106.357	-19.0954
61.500000	106.299	-19.1312
62.200001	106.244	-19.1403
63.000000	106.186	-19.1516
64.000000	106.117	-19.1512
65.000000	106.046	-19.1851
66.000000	105.959	-19.1342
67.000000	105.892	-18.9885
68.000000	105.830	-18.9979
69.000000	105.753	-19.0224
70.000000	105.677	-18.9930
71.000000	105.608	-18.9510
72.000000	105.541	-18.8983
73.000000	105.478	-18.8104
74.000000	105.420	-18.7383
75.000000	105.352	-18.6696
76.199997	105.276	-18.4891
77.500000	105.200	-18.4293
78.800003	105.115	-18.2420
80.000000	105.059	-18.2344
81.199997	104.973	-18.0959
82.500000	104.919	-17.9400
83.800003	104.842	-17.8534
85.000000	104.767	-17.6891
86.199997	104.701	-17.4668
87.500000	104.637	-17.3170
88.500000	104.582	-17.2426
90.000000	104.494	-17.0271
91.199997	104.435	-16.8450
92.500000	104.381	-16.6772
93.800003	104.311	-16.4661
95.000000	104.270	-16.3318
96.199997	104.194	-16.1487
97.500000	104.149	-16.0073
98.800003	104.048	-15.8325
100.000000	103.995	-15.4382
101.500000	103.961	-15.3012
103.000000	103.876	-15.1006
104.400002	103.840	-14.9835
106.000000	103.763	-14.6321
107.500000	103.699	-14.5125
109.000000	103.648	-14.1039
110.599998	103.568	-13.8613
112.000000	103.533	-13.6598
113.800003	103.455	-13.3699
115.000000	103.403	-13.2426
117.199997	103.334	-12.6813
118.000000	103.308	-12.6179
120.599998	103.239	-12.0009
122.000000	103.162	-11.9722
124.099998	103.104	-11.5305
125.000000	103.062	-11.4058
126.500000	103.023	-11.1124
128.000000	102.966	-10.8428
131.500000	102.866	-10.2288
132.000000	102.841	-10.2075
134.000000	102.776	-9.7037
136.000000	102.729	-9.3912
138.000000	102.659	-9.0469
140.000000	102.619	-8.5872
143.000000	102.517	-8.0401
145.000000	102.478	-7.6975
147.500000	102.404	-7.2179
150.000000	102.348	-6.7269
152.500000	102.286	-6.3022
155.000000	102.229	-5.8037
157.500000	102.172	-5.3235
160.000000	102.107	-4.8680
162.500000	102.059	-4.3809
165.000000	102.021	-3.8125
167.500000	101.961	-3.3762
170.000000	101.910	-2.7852
172.500000	101.883	-2.2973
175.000000	101.837	-1.7595
177.500000	101.781	-1.3217
180.000000	101.746	-0.8224
182.500000	101.723	-0.3981
185.000000	101.689	0.0564
187.500000	101.667	0.4786
190.000000	101.628	0.8805
192.500000	101.593	1.2670
195.000000	101.566	1.6266
197.500000	101.521	1.9999
200.000000	101.484	2.3912
203.000000	101.443	2.9479
206.000000	101.410	3.4030
209.000000	101.366	3.9267
212.000000	101.323	4.4241
214.000000	101.297	4.7510
218.000000	101.244	5.4969
220.000000	101.225	5.8381
224.000000	101.165	6.3895
227.000000	101.136	6.9029
230.000000	101.103	7.4313
233.000000	101.064	7.9075
236.000000	101.031	8.3646
240.000000	100.997	9.0276
243.000000	100.959	9.5297
247.000000	100.921	10.1769
250.000000	100.890	10.7436
254.000000	100.856	11.2336
258.000000	100.822	11.8857
262.000000	100.777	12.6195
265.000000	100.755	13.0614
269.000000	100.714	13.6823
272.000000	100.703	14.0801
276.000000	100.659	14.9089
280.000000	100.638	15.4781
285.000000	100.605	16.3369
290.000000	100.581	17.1854
295.000000	100.541	18.1986
300.000000	100.503	18.5769
304.000000	100.492	19.2816
307.000000	100.463	19.7041
311.000000	100.435	20.4065
315.000000	100.398	21.0087
320.000000	100.384	21.6954
325.000000	100.375	22.6630
330.000000	100.355	23.6633
335.000000	100.367	24.5241
340.000000	100.396	25.2083
345.000000	100.404	25.7172
350.000000	100.422	26.2626
355.000000	100.402	26.8418
360.000000	100.382	27.3604
365.000000	100.367	28.0081
370.000000	100.352	28.6130
375.000000	100.331	29.1458
382.000000	100.305	29.9898
387.000000	100.289	30.6180
395.000000	100.266	31.4958
400.000000	100.239	32.1621
406.000000	100.217	32.9412
412.000000	100.202	33.6547
418.000000	100.184	34.3729
425.000000	100.171	35.2433
431.000000	100.149	36.0672
437.000000	100.138	36.7817
444.000000	100.120	37.5872
450.000000	100.115	38.3688
455.000000	100.093	38.9863
462.000000	100.072	39.7726
468.000000	100.074	40.5475
475.000000	100.055	41.3839
482.000000	100.047	42.1848
487.000000	100.041	42.7730
494.000000	100.030	43.6388
500.000000	100.018	44.3846
508.000000	100.005	45.3062
515.000000	100.001	46.1241
522.000000	99.997	46.9691
530.000000	99.984	47.8517
538.000000	99.987	48.7441
545.000000	99.973	49.5622
552.000000	99.967	50.3546
560.000000	99.958	51.3269
570.000000	99.959	52.4387
580.000000	99.951	53.5973
590.000000	99.947	54.7109
600.000000	99.947	55.8124
608.000000	99.949	56.7177
615.000000	99.941	57.5246
622.000000	99.950	58.2554
630.000000	99.947	59.1390
640.000000	99.945	60.3026
650.000000	99.954	61.3962
660.000000	99.960	62.4904
670.000000	99.961	63.5619
680.000000	99.964	64.6480
690.000000	99.972	65.8015
700.000000	99.984	66.9238
710.000000	99.988	67.9666
720.000000	99.994	69.0171
730.000000	100.007	70.1392
740.000000	100.018	71.2614
750.000000	100.037	72.3798
762.000000	100.057	73.6859
775.000000	100.090	75.1870
788.000000	100.132	76.6351
800.000000	100.164	77.8334
812.000000	100.198	79.0986
825.000000	100.237	80.4978
838.000000	100.290	81.8888
850.000000	100.331	83.1207
862.000000	100.369	84.3892
875.000000	100.430	85.7069
885.000000	100.475	86.7538
900.000000	100.543	88.2790
912.000000	100.606	89.4623
925.000000	100.687	90.7528
938.000000	100.759	91.9286
950.000000	100.833	93.1321
962.000000	100.904	94.1535
975.000000	100.983	95.2320
988.000000	101.064	96.3344
1000.000000	101.123	97.3116
1015.000000	101.203	98.6515
1030.000000	101.311	99.9905
1044.000000	101.414	101.1723
1060.000000	101.531	102.4059
1075.000000	101.647	103.4643
1090.000000	101.751	104.5330
1106.000000	101.871	105.5886
1120.000000	101.975	106.4792
1138.000000	102.104	107.5515
1150.000000	102.186	108.2380
1172.000000	102.339	109.4267
1180.000000	102.391	109.8200
1206.000000	102.555	111.1837
1220.000000	102.638	111.8467
1241.000000	102.762	112.7899
1250.000000	102.816	113.1992
1265.000000	102.900	113.8510
1280.000000	102.974	114.4906
1315.000000	103.153	115.9377
1320.000000	103.173	116.1741
1340.000000	103.260	116.9697
1360.000000	103.353	117.7507
1380.000000	103.434	118.5100
1400.000000	103.513	119.2977
1430.000000	103.626	120.4385
1450.000000	103.695	121.1376
1475.000000	103.784	122.0595
1500.000000	103.863	122.9843
1525.000000	103.944	123.8889
1550.000000	104.019	124.7838
1575.000000	104.087	125.7020
1600.000000	104.157	126.5508
1625.000000	104.221	127.4445
1650.000000	104.290	128.3474
1675.000000	104.344	129.1696
1700.000000	104.414	130.0318
1725.000000	104.465	130.8798
1750.000000	104.520	131.7441
1775.000000	104.580	132.5642
1800.000000	104.631	133.4035
1825.000000	104.678	134.2386
1850.000000	104.733	135.0815
1875.000000	104.786	135.8613
1900.000000	104.832	136.6735
1925.000000	104.873	137.4901
1950.000000	104.920	138.3164
1975.000000	104.972	139.0658
2000.000000	105.011	139.8376
2030.000000	105.056	140.8466
2060.000000	105.107	141.7658
2090.000000	105.155	142.6341
2120.000000	105.195	143.6006
2140.000000	105.223	144.2052
2180.000000	105.287	145.3977
2200.000000	105.317	145.9921
2240.000000	105.367	147.2148
2270.000000	105.407	148.0930
2300.000000	105.448	148.9530
2330.000000	105.487	149.8430
2360.000000	105.522	150.7340
2400.000000	105.568	151.8867
2430.000000	105.603	152.7640
2470.000000	105.650	153.9028
2500.000000	105.680	154.7759
2540.000000	105.727	155.9257
2580.000000	105.770	157.0110
2620.000000	105.804	158.1696
2650.000000	105.832	159.0416
2690.000000	105.874	160.1663
2720.000000	105.904	161.0143
2760.000000	105.936	162.2115
2800.000000	105.975	163.3962
2850.000000	106.030	164.9016
2900.000000	106.074	166.4672
2950.000000	106.135	168.1877
3000.000000	106.237	169.9601
3040.000000	106.358	171.2720
3070.000000	106.455	172.1098
3110.000000	106.582	173.0097
3150.000000	106.700	173.7660
3200.000000	106.811	174.6404
3250.000000	106.905	175.5607
3300.000000	107.007	176.5082
3350.000000	107.112	177.3767
3400.000000	107.212	178.2314
3450.000000	107.313	178.9847
3500.000000	107.412	179.6838
3550.000000	107.509	-179.6439
3600.000000	107.600	-179.0285
3650.000000	107.694	-178.4831
3700.000000	107.789	-178.0251
3750.000000	107.869	-177.6414
3820.000000	107.975	-177.1990
3870.000000	108.048	-176.9941
3950.000000	108.141	-176.8233
4000.000000	108.179	-176.7856
4060.000000	108.215	-176.8852
4120.000000	108.229	-177.0535
4180.000000	108.208	-177.2813
4250.000000	108.144	-177.5631
4310.000000	108.061	-177.7847
4370.000000	107.936	-177.9246
4440.000000	107.747	-177.9071
4500.000000	107.567	-177.6941
4550.000000	107.407	-177.3309
4620.000000	107.163	-176.4791
4680.000000	106.961	-175.3994
4750.000000	106.770	-173.8624
4820.000000	106.638	-172.1320
4870.000000	106.574	-170.8906
4940.000000	106.526	-169.2636
5000.000000	106.508	-168.0915
5080.000000	106.493	-166.7857
5150.000000	106.469	-165.8140
5220.000000	106.432	-165.0097
5300.000000	106.364	-164.1754
5380.000000	106.253	-163.3918
5450.000000	106.130	-162.6949
5520.000000	105.955	-162.0467
5600.000000	105.598	-161.3551
5700.000000	104.827	-151.6013
5800.000000	105.211	-148.3170
5900.000000	106.289	-148.7289
6000.000000	106.243	-148.4902
6080.000000	106.243	-147.3487
6150.000000	106.278	-146.1421
6220.000000	106.343	-144.8184
6300.000000	106.443	-143.2912
6400.000000	106.627	-141.3734
6500.000000	106.872	-139.6082
6600.000000	107.181	-137.9214
6700.000000	107.559	-136.5035
6800.000000	108.008	-135.4889
6900.000000	108.526	-134.8628
7000.000000	109.124	-134.7595
7100.000000	109.827	-135.4237
7200.000000	110.634	-137.3296
7300.000000	111.491	-141.1204
7400.000000	112.292	-147.2796
7500.000000	112.845	-155.8992
7620.000000	112.910	-168.1857
7750.000000	112.175	179.3029
7880.000000	110.932	170.0809
8000.000000	109.649	164.5962
8120.000000	108.395	161.2493
8250.000000	107.135	159.2541
8380.000000	105.979	158.2643
8500.000000	104.988	157.9749
8620.000000	104.076	158.0466
8750.000000	103.122	158.4761
8850.000000	102.413	159.0343
9000.000000	101.382	160.3154
9120.000000	100.578	161.7770
9250.000000	99.720	163.9075
9380.000000	98.925	166.9226
9500.000000	98.254	170.6385
9620.000000	97.780	175.3869
9750.000000	97.642	-179.2828
9880.000000	97.886	-175.1659
10000.000000	98.341	-174.0536
10150.000000	98.733	-176.4908
10300.000000	98.618	179.1873
10440.000000	98.124	175.4852
10600.000000	97.315	173.0345
10750.000000	96.482	172.3803
10900.000000	95.704	172.9448
11060.000000	94.975	174.4599
11200.000000	94.445	176.2191
11380.000000	93.883	178.9438
11500.000000	93.627	-179.3599
11720.000000	93.290	-176.5233
11800.000000	93.209	-175.7706
12060.000000	93.068	-173.2908
12200.000000	93.104	-172.6062
12410.000000	93.240	-172.1521
12500.000000	93.341	-172.3135
12650.000000	93.588	-173.0051
12800.000000	93.931	-174.7889
13150.000000	94.756	175.3371
13200.000000	94.842	173.2673
13400.000000	94.882	162.4277
13600.000000	94.312	149.8873
13800.000000	92.890	138.0143
14000.000000	90.811	130.7137
14300.000000	87.732	130.3859
14500.000000	86.287	135.3890
14750.000000	85.638	141.4864
15000.000000	84.833	138.7392
15250.000000	82.483	150.7379
15500.000000	84.175	167.7414
15750.000000	86.483	167.6593
16000.000000	88.465	161.3183
16250.000000	90.090	148.1652
16500.000000	90.635	129.9712
16750.000000	88.993	117.9110
17000.000000	89.540	129.5933
17250.000000	93.541	120.7502
17500.000000	96.101	96.2975
17750.000000	97.674	67.9016
18000.000000	98.680	36.8886
18250.000000	98.977	1.4167
18500.000000	98.227	-36.2330
18750.000000	96.452	-74.0446
19000.000000	93.510	-109.1785
19250.000000	89.802	-136.2419
19500.000000	86.572	-154.9628
19750.000000	84.418	-173.1418
