* Measurement data measured by REW V5.20.5
* Source: Microphone (High Definition Audio Device), MICROPHONE (É}ÉX?), L, volume: 1.000
* Format: 256k Log Swept Sine, 1 sweep at -10.0 dBFS with no timing reference
* Dated: 2022/03/09 21:45:48
* REW Settings:
*  C-weighting compensation: Off
*  Target level: 75.0 dB
* Note: 
* Measurement: KZ ZST R
* Smoothing: None
* Frequency Step: 1/48 octave
* Start Frequency: 20.000 Hz
*
* Freq(Hz)	SPL(dB)	Phase(degrees)
20.000000	114.491	28.1744
20.299999	114.488	27.6376
20.600000	114.499	27.1604
20.900000	114.526	26.6729
21.200001	114.562	26.1198
21.400000	114.587	25.7036
21.799999	114.628	24.7897
22.000000	114.641	24.3159
22.400000	114.653	23.3885
22.700001	114.652	22.7449
23.000000	114.648	22.1534
23.299999	114.641	21.6096
23.600000	114.632	21.1076
24.000000	114.618	20.5075
24.299999	114.608	20.1194
24.700001	114.600	19.6871
25.000000	114.604	19.4009
25.400000	114.625	19.0005
25.799999	114.657	18.4919
26.200001	114.684	17.8413
26.500000	114.692	17.2898
26.900000	114.684	16.5534
27.200001	114.668	16.0493
27.600000	114.643	15.4611
28.000000	114.626	14.9264
28.500000	114.615	14.2328
29.000000	114.602	13.4903
29.500000	114.587	12.7693
30.000000	114.580	12.0603
30.400000	114.579	11.4261
30.700001	114.569	10.9070
31.100000	114.533	10.2555
31.500000	114.476	9.8531
32.000000	114.438	9.8663
32.500000	114.516	10.0819
33.000000	114.691	9.6445
33.500000	114.829	8.2122
34.000000	114.810	6.4282
34.500000	114.647	5.3002
35.000000	114.483	5.2672
35.500000	114.443	5.7438
36.000000	114.499	5.8164
36.500000	114.539	5.3013
37.000000	114.510	4.7029
37.500000	114.458	4.4067
38.200001	114.437	4.1670
38.700001	114.439	3.7633
39.500000	114.395	2.9669
40.000000	114.360	2.5967
40.599998	114.338	2.1500
41.200001	114.317	1.6067
41.799999	114.285	1.0880
42.500000	114.255	0.5630
43.099998	114.234	0.0946
43.700001	114.204	-0.3478
44.400002	114.172	-0.7668
45.000000	114.149	-1.1201
45.500000	114.128	-1.4237
46.200001	114.096	-1.8205
46.799999	114.071	-2.1880
47.500000	114.026	-2.6602
48.200001	113.969	-2.9649
48.700001	113.950	-3.0907
49.400002	113.956	-3.4597
50.000000	113.947	-4.0102
50.799999	113.892	-4.6512
51.500000	113.853	-4.9960
52.200001	113.835	-5.3887
53.000000	113.801	-5.9004
53.799999	113.759	-6.2982
54.500000	113.728	-6.6096
55.200001	113.697	-6.9232
56.000000	113.661	-7.2651
57.000000	113.617	-7.7450
58.000000	113.560	-8.2466
59.000000	113.502	-8.6546
60.000000	113.458	-9.0823
60.799999	113.414	-9.4519
61.500000	113.373	-9.6625
62.200001	113.354	-9.8384
63.000000	113.339	-10.2264
64.000000	113.274	-10.7654
65.000000	113.208	-11.0127
66.000000	113.167	-11.3571
67.000000	113.104	-11.7609
68.000000	113.043	-12.0206
69.000000	113.000	-12.3255
70.000000	112.952	-12.6686
71.000000	112.904	-12.9948
72.000000	112.851	-13.3208
73.000000	112.798	-13.5835
74.000000	112.749	-13.8641
75.000000	112.698	-14.1219
76.199997	112.640	-14.4791
77.500000	112.565	-14.7917
78.800003	112.507	-15.0997
80.000000	112.448	-15.3772
81.199997	112.386	-15.6969
82.500000	112.312	-15.9018
83.800003	112.251	-16.2335
85.000000	112.174	-16.4392
86.199997	112.121	-16.6504
87.500000	112.056	-16.9360
88.500000	112.005	-17.1449
90.000000	111.930	-17.3868
91.199997	111.867	-17.6271
92.500000	111.802	-17.7887
93.800003	111.732	-18.0522
95.000000	111.671	-18.1627
96.199997	111.617	-18.4021
97.500000	111.542	-18.5774
98.800003	111.478	-18.7043
100.000000	111.425	-18.8199
101.500000	111.350	-19.0524
103.000000	111.273	-19.1638
104.400002	111.207	-19.3490
106.000000	111.122	-19.5333
107.500000	111.055	-19.6301
109.000000	110.983	-19.7867
110.599998	110.912	-19.9774
112.000000	110.832	-19.9900
113.800003	110.745	-20.2002
115.000000	110.691	-20.2332
117.199997	110.576	-20.3597
118.000000	110.548	-20.4091
120.599998	110.432	-20.5102
122.000000	110.375	-20.6111
124.099998	110.274	-20.7251
125.000000	110.223	-20.7681
126.500000	110.162	-20.7371
128.000000	110.095	-20.8533
131.500000	109.931	-20.9393
132.000000	109.904	-20.9395
134.000000	109.818	-20.9606
136.000000	109.737	-20.9446
138.000000	109.646	-20.9920
140.000000	109.566	-20.9674
143.000000	109.435	-20.8939
145.000000	109.344	-20.9808
147.500000	109.227	-21.0296
150.000000	109.128	-20.8823
152.500000	109.020	-20.8167
155.000000	108.922	-20.6864
157.500000	108.830	-20.6895
160.000000	108.719	-20.6020
162.500000	108.622	-20.4442
165.000000	108.522	-20.2875
167.500000	108.405	-20.2594
170.000000	108.334	-20.1566
172.500000	108.226	-20.0709
175.000000	108.138	-19.8651
177.500000	108.052	-19.7271
180.000000	107.944	-19.5457
182.500000	107.845	-19.3707
185.000000	107.744	-19.1982
187.500000	107.670	-19.0004
190.000000	107.577	-18.7712
192.500000	107.485	-18.5009
195.000000	107.359	-18.3580
197.500000	107.289	-18.1561
200.000000	107.202	-18.1336
203.000000	107.126	-17.7406
206.000000	106.996	-17.4438
209.000000	106.890	-17.0936
212.000000	106.786	-16.7980
214.000000	106.726	-16.4951
218.000000	106.595	-16.1393
220.000000	106.539	-15.9254
224.000000	106.410	-15.4850
227.000000	106.311	-15.2235
230.000000	106.211	-14.8918
233.000000	106.114	-14.4919
236.000000	106.033	-14.0974
240.000000	105.891	-13.5443
243.000000	105.794	-13.1670
247.000000	105.671	-12.5902
250.000000	105.594	-12.0556
254.000000	105.441	-11.1956
258.000000	105.351	-10.3717
262.000000	105.281	-9.4111
265.000000	105.254	-8.6780
269.000000	105.235	-8.0972
272.000000	105.202	-7.8701
276.000000	105.175	-7.6783
280.000000	105.098	-7.4622
285.000000	104.987	-7.1682
290.000000	104.866	-6.7424
295.000000	104.749	-6.2182
300.000000	104.633	-5.7010
304.000000	104.516	-5.3170
307.000000	104.440	-4.9164
311.000000	104.354	-4.4738
315.000000	104.244	-3.9703
320.000000	104.132	-3.1143
325.000000	104.010	-2.5599
330.000000	103.902	-1.8622
335.000000	103.807	-1.1453
340.000000	103.674	-0.3762
345.000000	103.581	0.4000
350.000000	103.483	1.1365
355.000000	103.383	1.9110
360.000000	103.292	2.7184
365.000000	103.204	3.5302
370.000000	103.119	4.2743
375.000000	103.053	5.1241
382.000000	102.912	6.1488
387.000000	102.845	6.9102
395.000000	102.728	8.1710
400.000000	102.619	8.8231
406.000000	102.536	9.7864
412.000000	102.442	10.6549
418.000000	102.351	11.5647
425.000000	102.243	12.8322
431.000000	102.161	13.7763
437.000000	102.099	14.6592
444.000000	101.999	15.9094
450.000000	101.930	16.8630
455.000000	101.867	17.7688
462.000000	101.777	18.8353
468.000000	101.727	19.8158
475.000000	101.632	20.9221
482.000000	101.562	21.8994
487.000000	101.515	22.7095
494.000000	101.431	23.9351
500.000000	101.403	24.7483
508.000000	101.334	25.9899
515.000000	101.290	26.8347
522.000000	101.218	27.7802
530.000000	101.110	28.7355
538.000000	100.991	30.0798
545.000000	100.885	31.0503
552.000000	100.839	32.2020
560.000000	100.731	33.7363
570.000000	100.621	35.5096
580.000000	100.534	37.2826
590.000000	100.467	38.8528
600.000000	100.389	40.7069
608.000000	100.352	42.2050
615.000000	100.292	43.2433
622.000000	100.246	44.4708
630.000000	100.215	45.7667
640.000000	100.148	47.4728
650.000000	100.117	49.2254
660.000000	100.050	50.9210
670.000000	100.024	52.7472
680.000000	99.989	54.2988
690.000000	99.949	56.0380
700.000000	99.927	57.8071
710.000000	99.910	59.5166
720.000000	99.913	61.1299
730.000000	99.902	62.9435
740.000000	99.901	64.5574
750.000000	99.914	66.2289
762.000000	99.972	67.9457
775.000000	100.022	69.3396
788.000000	99.965	70.2036
800.000000	99.627	71.7829
812.000000	99.553	75.6479
825.000000	99.642	78.5776
838.000000	99.735	81.0581
850.000000	99.785	83.1021
862.000000	99.848	85.1401
875.000000	99.917	87.2608
885.000000	99.964	88.9617
900.000000	100.073	91.3738
912.000000	100.138	93.2058
925.000000	100.228	95.2745
938.000000	100.337	97.3407
950.000000	100.415	99.1509
962.000000	100.507	100.9219
975.000000	100.628	102.8522
988.000000	100.743	104.7167
1000.000000	100.854	106.3379
1015.000000	100.988	108.4410
1030.000000	101.134	110.5352
1044.000000	101.275	112.2542
1060.000000	101.439	114.3148
1075.000000	101.592	116.1467
1090.000000	101.755	117.8907
1106.000000	101.919	119.6895
1120.000000	102.087	121.4172
1138.000000	102.264	123.3229
1150.000000	102.403	124.5979
1172.000000	102.637	126.8677
1180.000000	102.731	127.6829
1206.000000	103.014	130.2003
1220.000000	103.166	131.6196
1241.000000	103.384	133.5701
1250.000000	103.486	134.4482
1265.000000	103.646	135.8185
1280.000000	103.806	137.0947
1315.000000	104.174	140.1335
1320.000000	104.226	140.5515
1340.000000	104.440	142.1663
1360.000000	104.664	143.8340
1380.000000	104.890	145.5106
1400.000000	105.100	147.0974
1430.000000	105.440	149.4544
1450.000000	105.667	150.9847
1475.000000	105.960	152.8547
1500.000000	106.227	154.6300
1525.000000	106.556	156.4444
1550.000000	106.841	158.1317
1575.000000	107.148	159.7449
1600.000000	107.469	161.3307
1625.000000	107.794	162.8462
1650.000000	108.119	164.2973
1675.000000	108.446	165.6716
1700.000000	108.790	166.9799
1725.000000	109.134	168.1635
1750.000000	109.481	169.3827
1775.000000	109.840	170.3664
1800.000000	110.198	171.3364
1825.000000	110.568	172.1833
1850.000000	110.933	172.9012
1875.000000	111.308	173.5096
1900.000000	111.682	174.0256
1925.000000	112.056	174.3759
1950.000000	112.434	174.6174
1975.000000	112.813	174.6695
2000.000000	113.183	174.6083
2030.000000	113.630	174.2964
2060.000000	114.063	173.8052
2090.000000	114.479	173.0384
2120.000000	114.871	172.0298
2140.000000	115.119	171.2515
2180.000000	115.580	169.4112
2200.000000	115.786	168.3545
2240.000000	116.142	166.0403
2270.000000	116.358	164.1860
2300.000000	116.528	162.2755
2330.000000	116.650	160.3429
2360.000000	116.727	158.4611
2400.000000	116.760	156.0877
2430.000000	116.746	154.4615
2470.000000	116.671	152.5622
2500.000000	116.586	151.3672
2540.000000	116.449	150.0602
2580.000000	116.287	149.0814
2620.000000	116.112	148.4442
2650.000000	115.977	148.1864
2690.000000	115.803	148.0379
2720.000000	115.673	148.1263
2760.000000	115.511	148.4328
2800.000000	115.362	148.9343
2850.000000	115.195	149.7756
2900.000000	115.053	150.8371
2950.000000	114.936	152.0973
3000.000000	114.853	153.4657
3040.000000	114.799	154.6805
3070.000000	114.772	155.6320
3110.000000	114.752	156.9142
3150.000000	114.751	158.2091
3200.000000	114.774	159.9135
3250.000000	114.828	161.6274
3300.000000	114.907	163.3096
3350.000000	115.013	164.9337
3400.000000	115.148	166.5173
3450.000000	115.308	168.0283
3500.000000	115.493	169.4466
3550.000000	115.695	170.7742
3600.000000	115.924	171.9636
3650.000000	116.174	173.0506
3700.000000	116.460	173.9482
3750.000000	116.772	174.6020
3820.000000	117.247	174.9417
3870.000000	117.595	174.6957
3950.000000	118.123	173.4169
4000.000000	118.416	172.0388
4060.000000	118.703	169.9106
4120.000000	118.889	167.3473
4180.000000	118.961	164.5962
4250.000000	118.888	161.4755
4310.000000	118.706	159.2214
4370.000000	118.459	157.5740
4440.000000	118.140	156.4974
4500.000000	117.888	156.2332
4550.000000	117.726	156.3059
4620.000000	117.585	156.6156
4680.000000	117.541	156.7003
4750.000000	117.546	156.3627
4820.000000	117.569	155.2296
4870.000000	117.551	153.9719
4940.000000	117.441	151.7005
5000.000000	117.234	149.5124
5080.000000	116.798	146.7344
5150.000000	116.284	144.8283
5220.000000	115.684	143.6045
5300.000000	114.945	143.1751
5380.000000	114.202	143.6646
5450.000000	113.574	144.8140
5520.000000	112.987	146.3994
5600.000000	112.358	148.7470
5700.000000	111.656	152.2325
5800.000000	111.045	156.1646
5900.000000	110.517	160.3978
6000.000000	110.067	164.9591
6080.000000	109.759	168.6804
6150.000000	109.525	171.9795
6220.000000	109.328	175.4814
6300.000000	109.165	179.4646
6400.000000	109.020	-175.4843
6500.000000	108.958	-170.5790
6600.000000	108.962	-165.8283
6700.000000	109.014	-161.1261
6800.000000	109.126	-156.4439
6900.000000	109.299	-151.8624
7000.000000	109.541	-147.4060
7100.000000	109.855	-143.0996
7200.000000	110.252	-138.9684
7300.000000	110.748	-135.0667
7400.000000	111.327	-131.5006
7500.000000	112.009	-128.4227
7620.000000	112.988	-125.4267
7750.000000	114.274	-123.6633
7880.000000	115.802	-124.2789
8000.000000	117.394	-128.3416
8120.000000	118.954	-137.5504
8250.000000	119.915	-154.3083
8380.000000	119.340	-173.0320
8500.000000	117.753	174.6137
8620.000000	115.911	168.1849
8750.000000	114.057	165.7313
8850.000000	112.808	165.8435
9000.000000	111.219	167.9121
9120.000000	110.158	170.4509
9250.000000	109.195	173.7778
9380.000000	108.381	177.3826
9500.000000	107.741	-179.2084
9620.000000	107.197	-175.8136
9750.000000	106.702	-171.9795
9880.000000	106.289	-168.1684
10000.000000	105.990	-164.6867
10150.000000	105.724	-160.5362
10300.000000	105.560	-156.6291
10440.000000	105.485	-153.3104
10600.000000	105.492	-149.8714
10750.000000	105.581	-147.1880
10900.000000	105.735	-145.0971
11060.000000	105.955	-143.5923
11200.000000	106.199	-143.0752
11380.000000	106.515	-143.4365
11500.000000	106.700	-144.5798
11720.000000	106.809	-147.7372
11800.000000	106.791	-148.6104
12060.000000	106.823	-152.4177
12200.000000	106.731	-155.0764
12410.000000	106.487	-158.6022
12500.000000	106.386	-159.8333
12650.000000	106.263	-161.9262
12800.000000	106.136	-164.1507
13150.000000	106.089	-168.1575
13200.000000	106.147	-168.6971
13400.000000	106.562	-171.5986
13600.000000	107.382	-176.1635
13800.000000	108.711	175.3534
14000.000000	110.334	158.6667
14300.000000	110.573	112.4783
14500.000000	107.618	83.9816
14750.000000	103.113	64.8584
15000.000000	99.291	55.3254
15250.000000	96.180	49.2766
15500.000000	93.649	44.0784
15750.000000	91.738	38.6685
16000.000000	90.086	30.8412
16250.000000	88.924	23.0701
16500.000000	88.152	13.7563
16750.000000	88.026	3.4927
17000.000000	88.765	-7.6439
17250.000000	89.999	-21.7375
17500.000000	91.968	-38.8963
17750.000000	94.511	-61.4220
18000.000000	97.351	-95.8723
18250.000000	97.972	-144.1046
18500.000000	95.132	-177.2556
18750.000000	94.020	162.9041
19000.000000	93.352	141.9311
19250.000000	93.023	121.4053
19500.000000	93.519	100.6978
19750.000000	94.771	73.4535
