* Measurement data measured by REW V5.20.5
* Source: Microphone (High Definition Audio Device), MICROPHONE (É}ÉX?), L, volume: 1.000
* Format: 256k Log Swept Sine, 1 sweep at -10.0 dBFS with no timing reference
* Dated: 2022/03/09 22:06:36
* REW Settings:
*  C-weighting compensation: Off
*  Target level: 75.0 dB
* Note: 
* Measurement: openheart A2 L
* Smoothing: None
* Frequency Step: 1/48 octave
* Start Frequency: 20.000 Hz
*
* Freq(Hz)	SPL(dB)	Phase(degrees)
20.000000	119.976	-5.2999
20.299999	119.942	-5.8475
20.600000	119.906	-6.3813
20.900000	119.868	-6.8911
21.200001	119.830	-7.3724
21.400000	119.807	-7.6804
21.799999	119.767	-8.2917
22.000000	119.749	-8.6078
22.400000	119.714	-9.2773
22.700001	119.684	-9.8075
23.000000	119.649	-10.3386
23.299999	119.608	-10.8430
23.600000	119.565	-11.3004
24.000000	119.511	-11.8359
24.299999	119.477	-12.2080
24.700001	119.441	-12.7101
25.000000	119.415	-13.1058
25.400000	119.379	-13.6483
25.799999	119.339	-14.1801
26.200001	119.298	-14.6962
26.500000	119.266	-15.0840
26.900000	119.215	-15.5984
27.200001	119.169	-15.9548
27.600000	119.101	-16.3285
28.000000	119.041	-16.5736
28.500000	118.997	-16.8669
29.000000	118.963	-17.4451
29.500000	118.873	-18.2653
30.000000	118.705	-18.7539
30.400000	118.571	-18.5801
30.700001	118.517	-18.1978
31.100000	118.537	-17.7513
31.500000	118.625	-17.8763
32.000000	118.701	-19.0013
32.500000	118.634	-20.5253
33.000000	118.465	-21.4975
33.500000	118.322	-21.7354
34.000000	118.272	-21.9034
34.500000	118.249	-22.4973
35.000000	118.182	-23.2446
35.500000	118.092	-23.6868
36.000000	118.049	-23.9197
36.500000	118.047	-24.4197
37.000000	118.010	-25.2687
37.500000	117.898	-25.9897
38.200001	117.727	-26.1081
38.700001	117.683	-25.9269
39.500000	117.668	-26.2758
40.000000	117.614	-26.6869
40.599998	117.524	-26.9354
41.200001	117.461	-27.0638
41.799999	117.409	-27.3551
42.500000	117.323	-27.7924
43.099998	117.241	-28.0687
43.700001	117.172	-28.3321
44.400002	117.094	-28.7198
45.000000	117.020	-29.0432
45.500000	116.962	-29.2789
46.200001	116.885	-29.6013
46.799999	116.821	-29.8777
47.500000	116.745	-30.1674
48.200001	116.673	-30.4351
48.700001	116.621	-30.6240
49.400002	116.546	-30.8778
50.000000	116.481	-31.0866
50.799999	116.392	-31.3523
51.500000	116.314	-31.5613
52.200001	116.241	-31.7773
53.000000	116.156	-32.0619
53.799999	116.067	-32.3294
54.500000	115.992	-32.5257
55.200001	115.923	-32.7183
56.000000	115.846	-32.9523
57.000000	115.746	-33.2390
58.000000	115.643	-33.4747
59.000000	115.543	-33.6708
60.000000	115.445	-33.8637
60.799999	115.366	-34.0341
61.500000	115.293	-34.1697
62.200001	115.222	-34.2674
63.000000	115.151	-34.3947
64.000000	115.060	-34.6247
65.000000	114.962	-34.8171
66.000000	114.865	-34.9795
67.000000	114.771	-35.0896
68.000000	114.686	-35.2249
69.000000	114.592	-35.3734
70.000000	114.500	-35.4655
71.000000	114.412	-35.5720
72.000000	114.323	-35.6640
73.000000	114.238	-35.7568
74.000000	114.151	-35.8535
75.000000	114.064	-35.9224
76.199997	113.966	-36.0002
77.500000	113.858	-36.1066
78.800003	113.751	-36.1815
80.000000	113.654	-36.2543
81.199997	113.554	-36.3181
82.500000	113.447	-36.3333
83.800003	113.348	-36.3687
85.000000	113.253	-36.4041
86.199997	113.160	-36.4207
87.500000	113.061	-36.4482
88.500000	112.984	-36.4650
90.000000	112.869	-36.4567
91.199997	112.780	-36.4662
92.500000	112.679	-36.4431
93.800003	112.591	-36.4150
95.000000	112.505	-36.4220
96.199997	112.422	-36.4005
97.500000	112.333	-36.3152
98.800003	112.263	-36.3468
100.000000	112.159	-36.3387
101.500000	112.065	-36.1846
103.000000	111.951	-36.0823
104.400002	111.864	-36.0204
106.000000	111.748	-35.9308
107.500000	111.652	-35.8317
109.000000	111.557	-35.7849
110.599998	111.455	-35.6543
112.000000	111.364	-35.5483
113.800003	111.250	-35.4496
115.000000	111.178	-35.2371
117.199997	111.034	-35.2135
118.000000	110.992	-35.0447
120.599998	110.825	-34.9642
122.000000	110.754	-34.7125
124.099998	110.631	-34.5325
125.000000	110.575	-34.4067
126.500000	110.490	-34.1871
128.000000	110.407	-34.0083
131.500000	110.218	-33.6060
132.000000	110.192	-33.5153
134.000000	110.090	-33.3083
136.000000	109.993	-33.1229
138.000000	109.892	-32.8014
140.000000	109.789	-32.5989
143.000000	109.647	-32.2771
145.000000	109.552	-32.0258
147.500000	109.419	-31.6867
150.000000	109.297	-31.4124
152.500000	109.171	-31.0213
155.000000	109.052	-30.6969
157.500000	108.933	-30.3208
160.000000	108.815	-29.8925
162.500000	108.700	-29.4930
165.000000	108.605	-29.0563
167.500000	108.510	-28.6636
170.000000	108.420	-28.3112
172.500000	108.314	-28.0742
175.000000	108.221	-27.6226
177.500000	108.131	-27.3193
180.000000	108.041	-26.9489
182.500000	107.913	-26.5703
185.000000	107.805	-26.2443
187.500000	107.717	-25.6685
190.000000	107.624	-25.2396
192.500000	107.515	-24.8923
195.000000	107.418	-24.8046
197.500000	107.471	-25.7108
200.000000	107.261	-23.4463
203.000000	107.174	-22.8364
206.000000	107.066	-21.9301
209.000000	106.991	-21.4814
212.000000	106.945	-21.0914
214.000000	106.925	-20.6987
218.000000	106.787	-20.5432
220.000000	106.758	-20.1421
224.000000	106.602	-19.6436
227.000000	106.552	-19.2956
230.000000	106.417	-18.8607
233.000000	106.360	-18.2488
236.000000	106.256	-18.0947
240.000000	106.103	-17.2291
243.000000	106.033	-16.6963
247.000000	105.936	-16.1683
250.000000	105.812	-15.7228
254.000000	105.658	-15.1581
258.000000	105.609	-14.3461
262.000000	105.496	-13.5538
265.000000	105.400	-13.0971
269.000000	105.288	-12.5363
272.000000	105.232	-12.1532
276.000000	105.147	-11.3555
280.000000	105.044	-10.4706
285.000000	104.918	-9.6788
290.000000	104.794	-8.6914
295.000000	104.687	-7.8368
300.000000	104.583	-6.9637
304.000000	104.488	-6.2575
307.000000	104.420	-5.7693
311.000000	104.337	-5.0542
315.000000	104.241	-4.2822
320.000000	104.152	-3.3644
325.000000	104.035	-2.5712
330.000000	103.937	-1.6746
335.000000	103.840	-0.7165
340.000000	103.747	0.1428
345.000000	103.649	1.0962
350.000000	103.575	1.9418
355.000000	103.452	2.8911
360.000000	103.374	3.7828
365.000000	103.294	4.8120
370.000000	103.184	5.7505
375.000000	103.110	6.6522
382.000000	103.001	8.0219
387.000000	102.923	9.0236
395.000000	102.814	10.5947
400.000000	102.745	11.7520
406.000000	102.674	12.8357
412.000000	102.594	14.1027
418.000000	102.529	15.2106
425.000000	102.513	16.4123
431.000000	102.456	17.5945
437.000000	102.405	18.5375
444.000000	102.347	19.3845
450.000000	102.261	20.5181
455.000000	102.206	21.3665
462.000000	102.149	22.2129
468.000000	102.060	23.3209
475.000000	101.986	24.3911
482.000000	101.905	25.5483
487.000000	101.864	26.4506
494.000000	101.771	27.6748
500.000000	101.705	28.7254
508.000000	101.615	30.0409
515.000000	101.548	31.2466
522.000000	101.486	32.4231
530.000000	101.398	33.9800
538.000000	101.344	35.3396
545.000000	101.267	36.5221
552.000000	101.208	37.7444
560.000000	101.133	39.0568
570.000000	101.050	40.8643
580.000000	100.971	42.6859
590.000000	100.900	44.4304
600.000000	100.810	46.1328
608.000000	100.754	47.5746
615.000000	100.698	48.8003
622.000000	100.649	50.0730
630.000000	100.577	51.5559
640.000000	100.496	53.3523
650.000000	100.396	55.3480
660.000000	100.328	57.2764
670.000000	100.241	59.3057
680.000000	100.166	61.3941
690.000000	100.107	63.5305
700.000000	100.059	65.7357
710.000000	100.008	68.1223
720.000000	99.971	70.4614
730.000000	99.962	72.6620
740.000000	99.959	75.0146
750.000000	99.953	77.3732
762.000000	100.002	80.3080
775.000000	100.034	83.3090
788.000000	100.145	86.3989
800.000000	100.237	89.1864
812.000000	100.342	91.9238
825.000000	100.497	94.8677
838.000000	100.661	97.6937
850.000000	100.845	100.2346
862.000000	101.035	102.5031
875.000000	101.260	104.9968
885.000000	101.456	106.8732
900.000000	101.729	109.3491
912.000000	101.946	111.1682
925.000000	102.202	113.0405
938.000000	102.453	114.5461
950.000000	102.696	115.9817
962.000000	102.906	117.3797
975.000000	103.170	118.7479
988.000000	103.386	119.9466
1000.000000	103.584	121.0897
1015.000000	103.843	122.2303
1030.000000	104.065	123.3716
1044.000000	104.277	124.3422
1060.000000	104.503	125.4896
1075.000000	104.700	126.4428
1090.000000	104.893	127.4285
1106.000000	105.087	128.4116
1120.000000	105.247	129.2474
1138.000000	105.441	130.2329
1150.000000	105.561	131.0508
1172.000000	105.778	132.2893
1180.000000	105.864	132.7004
1206.000000	106.103	134.2552
1220.000000	106.225	135.0981
1241.000000	106.413	136.2236
1250.000000	106.493	136.7863
1265.000000	106.605	137.6530
1280.000000	106.742	138.5573
1315.000000	107.019	140.6287
1320.000000	107.060	140.9014
1340.000000	107.226	142.0903
1360.000000	107.386	143.3257
1380.000000	107.545	144.4727
1400.000000	107.709	145.6663
1430.000000	107.952	147.4476
1450.000000	108.128	148.6699
1475.000000	108.339	150.1530
1500.000000	108.556	151.6167
1525.000000	108.780	153.0755
1550.000000	109.019	154.5073
1575.000000	109.255	155.7997
1600.000000	109.503	157.2142
1625.000000	109.752	158.5073
1650.000000	110.017	159.7334
1675.000000	110.281	160.8964
1700.000000	110.560	162.0140
1725.000000	110.848	163.0478
1750.000000	111.140	163.9808
1775.000000	111.440	164.8462
1800.000000	111.746	165.5539
1825.000000	112.058	166.1804
1850.000000	112.370	166.6682
1875.000000	112.683	167.0673
1900.000000	113.006	167.3202
1925.000000	113.330	167.3611
1950.000000	113.643	167.3018
1975.000000	113.959	167.0684
2000.000000	114.265	166.6649
2030.000000	114.620	165.9093
2060.000000	114.959	164.9378
2090.000000	115.263	163.7057
2120.000000	115.540	162.2550
2140.000000	115.696	161.1596
2180.000000	115.959	158.8046
2200.000000	116.052	157.5526
2240.000000	116.184	154.9135
2270.000000	116.217	152.9819
2300.000000	116.200	151.1461
2330.000000	116.137	149.3831
2360.000000	116.034	147.7808
2400.000000	115.845	145.9483
2430.000000	115.674	144.8654
2470.000000	115.412	143.6885
2500.000000	115.205	143.1158
2540.000000	114.913	142.6420
2580.000000	114.622	142.5356
2620.000000	114.330	142.7367
2650.000000	114.126	143.0698
2690.000000	113.854	143.7203
2720.000000	113.663	144.3727
2760.000000	113.422	145.4023
2800.000000	113.204	146.5598
2850.000000	112.950	148.2730
2900.000000	112.737	150.0947
2950.000000	112.556	152.0571
3000.000000	112.394	154.1594
3040.000000	112.290	155.8922
3070.000000	112.223	157.1936
3110.000000	112.153	158.9965
3150.000000	112.104	160.8203
3200.000000	112.066	163.1432
3250.000000	112.062	165.4348
3300.000000	112.084	167.6810
3350.000000	112.120	169.9344
3400.000000	112.197	172.1359
3450.000000	112.293	174.2643
3500.000000	112.425	176.3786
3550.000000	112.580	178.4310
3600.000000	112.765	-179.5815
3650.000000	112.994	-177.7767
3700.000000	113.257	-176.1200
3750.000000	113.555	-174.7379
3820.000000	114.025	-173.2997
3870.000000	114.391	-172.7284
3950.000000	114.993	-172.5174
4000.000000	115.393	-173.0270
4060.000000	115.873	-174.3131
4120.000000	116.318	-176.5130
4180.000000	116.700	-179.6990
4250.000000	116.991	175.3091
4310.000000	117.023	170.3091
4370.000000	116.809	165.0623
4440.000000	116.246	159.3726
4500.000000	115.524	155.6672
4550.000000	114.801	153.7066
4620.000000	113.701	153.0945
4680.000000	112.813	154.7020
4750.000000	112.038	158.8904
4820.000000	111.774	163.6554
4870.000000	111.849	165.8443
4940.000000	111.986	166.3500
5000.000000	111.902	165.3062
5080.000000	111.488	163.9123
5150.000000	110.963	163.4479
5220.000000	110.382	163.8669
5300.000000	109.725	165.2993
5380.000000	109.101	167.4670
5450.000000	108.588	169.8302
5520.000000	108.143	172.4303
5600.000000	107.676	175.7083
5700.000000	107.167	-179.8583
5800.000000	106.751	-175.1611
5900.000000	106.421	-170.3973
6000.000000	106.152	-165.4850
6080.000000	105.997	-161.3897
6150.000000	105.891	-157.8862
6220.000000	105.849	-154.2954
6300.000000	105.819	-150.3082
6400.000000	105.839	-145.3944
6500.000000	105.951	-140.3184
6600.000000	106.133	-135.4827
6700.000000	106.400	-130.6232
6800.000000	106.741	-126.0906
6900.000000	107.173	-121.6527
7000.000000	107.695	-117.5951
7100.000000	108.317	-113.8309
7200.000000	109.060	-110.4576
7300.000000	109.931	-107.8257
7400.000000	110.923	-106.0331
7500.000000	112.053	-105.4162
7620.000000	113.586	-106.9607
7750.000000	115.330	-112.8781
7880.000000	116.767	-124.6118
8000.000000	117.239	-139.4843
8120.000000	116.635	-153.5275
8250.000000	115.276	-163.7724
8380.000000	113.789	-168.8399
8500.000000	112.559	-170.2937
8620.000000	111.554	-169.8448
8750.000000	110.714	-168.1188
8850.000000	110.249	-166.2511
9000.000000	109.827	-163.2078
9120.000000	109.710	-160.8447
9250.000000	109.797	-158.6440
9380.000000	110.096	-157.1091
9500.000000	110.595	-156.7157
9620.000000	111.286	-157.7876
9750.000000	112.229	-161.7611
9880.000000	113.205	-170.1820
10000.000000	113.724	177.3022
10150.000000	113.097	158.4691
10300.000000	111.141	143.7048
10440.000000	108.913	136.3021
10600.000000	106.483	133.3324
10750.000000	104.506	133.8259
10900.000000	102.843	136.0054
11060.000000	101.350	139.1073
11200.000000	100.207	142.3760
11380.000000	98.918	147.0517
11500.000000	98.150	150.4492
11720.000000	97.040	156.6717
11800.000000	96.669	159.1077
12060.000000	95.840	166.7302
12200.000000	95.551	170.9358
12410.000000	95.249	176.7973
12500.000000	95.190	179.0940
12650.000000	95.262	-177.0053
12800.000000	95.459	-173.6116
13150.000000	96.343	-166.9279
13200.000000	96.534	-166.3784
13400.000000	97.491	-164.5041
13600.000000	98.853	-164.4212
13800.000000	100.587	-168.2793
14000.000000	102.667	-178.6419
14300.000000	104.363	147.4165
14500.000000	102.884	123.2372
14750.000000	99.879	106.7258
15000.000000	97.172	99.5973
15250.000000	94.948	96.4891
15500.000000	92.664	95.6355
15750.000000	88.099	105.0873
16000.000000	97.432	173.8857
16250.000000	101.707	111.8049
16500.000000	102.393	83.7877
16750.000000	103.344	46.1088
17000.000000	100.734	3.5712
17250.000000	96.499	-20.0586
17500.000000	92.871	-32.4175
17750.000000	90.138	-40.7337
18000.000000	88.159	-46.2020
18250.000000	86.755	-53.3703
18500.000000	85.777	-60.8286
18750.000000	85.415	-70.2087
19000.000000	86.062	-83.9700
19250.000000	87.003	-108.3775
19500.000000	87.012	-145.9128
19750.000000	83.829	171.4858
