* Measurement data measured by REW V5.20.13
* Source: Headset Microphone (Realtek(R) Audio), MICROPHONE (Hauptlautstärke), L, volume: 1,000
* Format: 256k Log Swept Sine, 1 sweep at -8,0 dBFS with no timing reference
* Dated: 10.05.2023 21:48:59
* REW Settings:
*  C-weighting compensation: Off
*  Target level: 75.0 dB
* Note: 
* Measurement: Lafitear LM1 L
* Smoothing: 1/12 octave
* Frequency Step: 1/48 octave
* Start Frequency: 20.000 Hz
*
* Freq(Hz)	SPL(dB)	Phase(degrees)
20.000000	107.487	51.5616
20.299999	107.499	50.9422
20.600000	107.533	50.4437
20.900000	107.596	49.9857
21.200001	107.683	49.4722
21.400000	107.748	49.0671
21.799999	107.875	48.1288
22.000000	107.931	47.6268
22.400000	108.025	46.6621
22.700001	108.087	46.0407
23.000000	108.151	45.5199
23.299999	108.223	45.0504
23.600000	108.301	44.5774
24.000000	108.403	43.8815
24.299999	108.469	43.3171
24.700001	108.533	42.5796
25.000000	108.568	42.0965
25.400000	108.609	41.5761
25.799999	108.658	41.1448
26.200001	108.719	40.6993
26.500000	108.769	40.3073
26.900000	108.832	39.6927
27.200001	108.873	39.1807
27.600000	108.919	38.4646
28.000000	108.957	37.7367
28.500000	108.997	36.8177
29.000000	109.028	35.9013
29.500000	109.046	35.0468
30.000000	109.057	34.3398
30.400000	109.072	33.9026
30.700001	109.092	33.6355
31.100000	109.130	33.3177
31.500000	109.181	32.9995
32.000000	109.254	32.5558
32.500000	109.325	32.0557
33.000000	109.388	31.5229
33.500000	109.440	30.9831
34.000000	109.481	30.4583
34.500000	109.515	29.9641
35.000000	109.545	29.4983
35.500000	109.576	29.0329
36.000000	109.608	28.5336
36.500000	109.637	27.9890
37.000000	109.660	27.4202
37.500000	109.677	26.8601
38.200001	109.702	26.1212
38.700001	109.724	25.6176
39.500000	109.768	24.8126
40.000000	109.798	24.2963
40.599998	109.832	23.6617
41.200001	109.859	23.0293
41.799999	109.877	22.4319
42.500000	109.894	21.8055
43.099998	109.907	21.3159
43.700001	109.921	20.8441
44.400002	109.935	20.3020
45.000000	109.946	19.8442
45.500000	109.955	19.4679
46.200001	109.967	18.9487
46.799999	109.979	18.5052
47.500000	109.994	17.9687
48.200001	110.005	17.4105
48.700001	110.007	17.0258
49.400002	110.009	16.5479
50.000000	110.016	16.1824
50.799999	110.037	15.6774
51.500000	110.057	15.1785
52.200001	110.071	14.6518
53.000000	110.080	14.0649
53.799999	110.086	13.5232
54.500000	110.092	13.0837
55.200001	110.101	12.6556
56.000000	110.109	12.1699
57.000000	110.115	11.6027
58.000000	110.124	11.0895
59.000000	110.139	10.5591
60.000000	110.154	9.9559
60.799999	110.157	9.4425
61.500000	110.154	9.0085
62.200001	110.149	8.6085
63.000000	110.144	8.1902
64.000000	110.141	7.7034
65.000000	110.142	7.2275
66.000000	110.139	6.7424
67.000000	110.129	6.2706
68.000000	110.116	5.8378
69.000000	110.105	5.4164
70.000000	110.096	4.9701
71.000000	110.086	4.5068
72.000000	110.077	4.0537
73.000000	110.072	3.6148
74.000000	110.069	3.1787
75.000000	110.065	2.7378
76.199997	110.055	2.2101
77.500000	110.036	1.6661
78.800003	110.012	1.1604
80.000000	109.993	0.7048
81.199997	109.976	0.2329
82.500000	109.958	-0.2864
83.800003	109.939	-0.7760
85.000000	109.924	-1.1940
86.199997	109.912	-1.5886
87.500000	109.906	-2.0076
88.500000	109.904	-2.3498
90.000000	109.897	-2.9101
91.199997	109.880	-3.3487
92.500000	109.849	-3.7611
93.800003	109.808	-4.1136
95.000000	109.760	-4.4240
96.199997	109.700	-4.7491
97.500000	109.623	-5.0949
98.800003	109.549	-5.3628
100.000000	109.510	-5.5547
101.500000	109.513	-5.9232
103.000000	109.535	-6.4866
104.400002	109.546	-7.0254
106.000000	109.541	-7.5354
107.500000	109.519	-7.9236
109.000000	109.485	-8.2853
110.599998	109.439	-8.6764
112.000000	109.400	-9.0187
113.800003	109.363	-9.4524
115.000000	109.347	-9.7454
117.199997	109.316	-10.2654
118.000000	109.302	-10.4303
120.599998	109.244	-10.8782
122.000000	109.210	-11.1129
124.099998	109.159	-11.5333
125.000000	109.135	-11.7429
126.500000	109.093	-12.0945
128.000000	109.050	-12.4059
131.500000	108.974	-13.0225
132.000000	108.964	-13.1113
134.000000	108.923	-13.4703
136.000000	108.875	-13.8079
138.000000	108.822	-14.1083
140.000000	108.768	-14.3970
143.000000	108.683	-14.8768
145.000000	108.618	-15.1854
147.500000	108.532	-15.4985
150.000000	108.452	-15.7581
152.500000	108.378	-16.0046
155.000000	108.305	-16.2162
157.500000	108.228	-16.3555
160.000000	108.152	-16.4246
162.500000	108.086	-16.4555
165.000000	108.036	-16.4632
167.500000	108.001	-16.4708
170.000000	107.979	-16.5280
172.500000	107.962	-16.6680
175.000000	107.946	-16.8992
177.500000	107.923	-17.2167
180.000000	107.890	-17.5803
182.500000	107.850	-17.9280
185.000000	107.807	-18.2390
187.500000	107.763	-18.5380
190.000000	107.712	-18.8444
192.500000	107.652	-19.1371
195.000000	107.583	-19.3915
197.500000	107.511	-19.6134
200.000000	107.444	-19.8377
203.000000	107.376	-20.1421
206.000000	107.315	-20.4477
209.000000	107.252	-20.7139
212.000000	107.183	-20.9441
214.000000	107.134	-21.0804
218.000000	107.034	-21.3165
220.000000	106.986	-21.4222
224.000000	106.894	-21.6125
227.000000	106.826	-21.7358
230.000000	106.758	-21.8497
233.000000	106.689	-21.9681
236.000000	106.619	-22.0951
240.000000	106.525	-22.2578
243.000000	106.456	-22.3634
247.000000	106.365	-22.4781
250.000000	106.295	-22.5443
254.000000	106.201	-22.6158
258.000000	106.108	-22.6774
262.000000	106.019	-22.7315
265.000000	105.954	-22.7731
269.000000	105.867	-22.8325
272.000000	105.801	-22.8710
276.000000	105.712	-22.8972
280.000000	105.622	-22.8916
285.000000	105.512	-22.8604
290.000000	105.403	-22.8273
295.000000	105.296	-22.8080
300.000000	105.190	-22.7897
304.000000	105.106	-22.7524
307.000000	105.042	-22.7071
311.000000	104.958	-22.6270
315.000000	104.875	-22.5316
320.000000	104.774	-22.3967
325.000000	104.675	-22.2431
330.000000	104.578	-22.0756
335.000000	104.483	-21.9086
340.000000	104.392	-21.7520
345.000000	104.303	-21.5981
350.000000	104.215	-21.4426
355.000000	104.128	-21.2804
360.000000	104.041	-21.1041
365.000000	103.952	-20.9147
370.000000	103.861	-20.7164
375.000000	103.771	-20.5095
382.000000	103.647	-20.2044
387.000000	103.559	-19.9838
395.000000	103.418	-19.6323
400.000000	103.330	-19.4060
406.000000	103.225	-19.1202
412.000000	103.123	-18.8173
418.000000	103.023	-18.5020
425.000000	102.907	-18.1168
431.000000	102.806	-17.7715
437.000000	102.706	-17.4175
444.000000	102.592	-16.9905
450.000000	102.498	-16.6089
455.000000	102.420	-16.2842
462.000000	102.313	-15.8257
468.000000	102.221	-15.4241
475.000000	102.112	-14.9352
482.000000	102.004	-14.4363
487.000000	101.930	-14.0825
494.000000	101.828	-13.5839
500.000000	101.743	-13.1400
508.000000	101.631	-12.5184
515.000000	101.533	-11.9554
522.000000	101.435	-11.3748
530.000000	101.325	-10.6893
538.000000	101.216	-9.9907
545.000000	101.122	-9.3798
552.000000	101.030	-8.7668
560.000000	100.927	-8.0500
570.000000	100.801	-7.1249
580.000000	100.678	-6.1791
590.000000	100.560	-5.2104
600.000000	100.444	-4.2170
608.000000	100.353	-3.4070
615.000000	100.275	-2.6843
622.000000	100.201	-1.9468
630.000000	100.119	-1.0848
640.000000	100.022	0.0238
650.000000	99.930	1.1664
660.000000	99.842	2.3240
670.000000	99.757	3.4836
680.000000	99.674	4.6548
690.000000	99.600	5.8488
700.000000	99.536	7.0609
710.000000	99.479	8.2766
720.000000	99.427	9.4857
730.000000	99.381	10.6855
740.000000	99.341	11.8636
750.000000	99.305	13.0094
762.000000	99.267	14.3283
775.000000	99.227	15.6764
788.000000	99.176	16.9827
800.000000	99.111	18.2438
812.000000	99.036	19.6733
825.000000	98.967	21.4645
838.000000	98.935	23.4135
850.000000	98.942	25.2122
862.000000	98.975	26.9121
875.000000	99.028	28.6129
885.000000	99.076	29.8363
900.000000	99.158	31.5729
912.000000	99.230	32.9043
925.000000	99.310	34.2876
938.000000	99.389	35.5970
950.000000	99.462	36.7311
962.000000	99.537	37.7934
975.000000	99.621	38.8796
988.000000	99.706	39.9156
1000.000000	99.785	40.8306
1015.000000	99.880	41.9155
1030.000000	99.971	42.9341
1044.000000	100.050	43.8281
1060.000000	100.136	44.7861
1075.000000	100.211	45.6314
1090.000000	100.278	46.4366
1106.000000	100.336	47.2659
1120.000000	100.377	47.9850
1138.000000	100.419	48.9235
1150.000000	100.442	49.5686
1172.000000	100.479	50.8229
1180.000000	100.492	51.3076
1206.000000	100.545	52.9773
1220.000000	100.580	53.9139
1241.000000	100.643	55.3360
1250.000000	100.672	55.9439
1265.000000	100.721	56.9450
1280.000000	100.773	57.9261
1315.000000	100.900	60.1541
1320.000000	100.919	60.4680
1340.000000	100.995	61.7087
1360.000000	101.070	62.9211
1380.000000	101.145	64.1169
1400.000000	101.220	65.3096
1430.000000	101.336	67.0970
1450.000000	101.415	68.2946
1475.000000	101.519	69.7896
1500.000000	101.634	71.2561
1525.000000	101.756	72.6747
1550.000000	101.881	74.0379
1575.000000	102.003	75.3607
1600.000000	102.122	76.6707
1625.000000	102.240	77.9705
1650.000000	102.358	79.2548
1675.000000	102.478	80.5321
1700.000000	102.602	81.8019
1725.000000	102.731	83.0561
1750.000000	102.863	84.2988
1775.000000	102.998	85.5324
1800.000000	103.137	86.7467
1825.000000	103.280	87.9291
1850.000000	103.427	89.0809
1875.000000	103.578	90.2073
1900.000000	103.732	91.3058
1925.000000	103.889	92.3715
1950.000000	104.049	93.4006
1975.000000	104.212	94.3916
2000.000000	104.377	95.3410
2030.000000	104.578	96.4222
2060.000000	104.783	97.4457
2090.000000	104.990	98.4128
2120.000000	105.198	99.3106
2140.000000	105.338	99.8647
2180.000000	105.617	100.8651
2200.000000	105.757	101.3139
2240.000000	106.036	102.1092
2270.000000	106.242	102.6116
2300.000000	106.444	103.0292
2330.000000	106.640	103.3616
2360.000000	106.827	103.6147
2400.000000	107.060	103.8481
2430.000000	107.222	103.9613
2470.000000	107.419	104.0565
2500.000000	107.552	104.1111
2540.000000	107.717	104.1950
2580.000000	107.875	104.3020
2620.000000	108.036	104.3932
2650.000000	108.157	104.4034
2690.000000	108.310	104.2894
2720.000000	108.412	104.1087
2760.000000	108.526	103.7820
2800.000000	108.612	103.4068
2850.000000	108.686	102.9137
2900.000000	108.720	102.4229
2950.000000	108.711	101.9900
3000.000000	108.661	101.7014
3040.000000	108.598	101.6213
3070.000000	108.541	101.6547
3110.000000	108.458	101.8130
3150.000000	108.368	102.0826
3200.000000	108.246	102.5622
3250.000000	108.112	103.2163
3300.000000	107.970	104.0771
3350.000000	107.824	105.1698
3400.000000	107.683	106.5041
3450.000000	107.559	108.0613
3500.000000	107.459	109.7874
3550.000000	107.385	111.6126
3600.000000	107.337	113.4831
3650.000000	107.308	115.3712
3700.000000	107.294	117.2708
3750.000000	107.294	119.1854
3820.000000	107.319	121.8949
3870.000000	107.356	123.8464
3950.000000	107.448	126.9753
4000.000000	107.526	128.9160
4060.000000	107.643	131.2056
4120.000000	107.786	133.4271
4180.000000	107.951	135.5567
4250.000000	108.170	137.8996
4310.000000	108.378	139.7650
4370.000000	108.602	141.4760
4440.000000	108.882	143.2469
4500.000000	109.134	144.5460
4550.000000	109.350	145.4582
4620.000000	109.654	146.4495
4680.000000	109.908	147.0137
4750.000000	110.186	147.3284
4820.000000	110.432	147.2863
4870.000000	110.580	147.0583
4940.000000	110.742	146.5072
5000.000000	110.831	145.8736
5080.000000	110.875	144.9111
5150.000000	110.839	144.0748
5220.000000	110.737	143.3559
5300.000000	110.545	142.8003
5380.000000	110.285	142.6365
5450.000000	110.015	142.8766
5520.000000	109.716	143.5084
5600.000000	109.357	144.7255
5700.000000	108.906	146.9603
5800.000000	108.481	149.8972
5900.000000	108.100	153.4177
6000.000000	107.774	157.4135
6080.000000	107.557	160.8947
6150.000000	107.400	164.1168
6220.000000	107.275	167.4853
6300.000000	107.174	171.5035
6400.000000	107.115	176.7657
6500.000000	107.145	-177.7513
6600.000000	107.280	-172.1663
6700.000000	107.521	-166.6635
6800.000000	107.851	-161.3636
6900.000000	108.256	-156.2439
7000.000000	108.745	-151.2512
7100.000000	109.337	-146.4029
7200.000000	110.052	-141.7836
7300.000000	110.907	-137.5263
7400.000000	111.916	-133.8250
7500.000000	113.078	-130.9682
7620.000000	114.624	-129.2356
7750.000000	116.338	-130.4239
7880.000000	117.842	-135.7880
8000.000000	118.804	-144.4789
8120.000000	119.198	-155.2979
8250.000000	118.963	-166.4949
8380.000000	118.200	-174.5462
8500.000000	117.266	-178.4946
8620.000000	116.341	-179.7189
8750.000000	115.540	-179.2510
8850.000000	115.121	-178.5209
9000.000000	114.734	-178.1307
9120.000000	114.437	-178.7005
9250.000000	113.913	-178.7807
9380.000000	113.256	-175.9945
9500.000000	112.970	-170.8476
9620.000000	113.312	-165.7853
9750.000000	114.152	-163.4496
9880.000000	114.987	-165.7024
10000.000000	115.460	-171.3292
10150.000000	115.468	179.2409
10300.000000	114.820	170.4943
10440.000000	113.753	165.1647
10600.000000	112.237	163.0943
10750.000000	110.772	164.3853
10900.000000	109.455	167.7783
11060.000000	108.337	172.7191
11200.000000	107.649	177.5347
11380.000000	107.172	-176.3205
11500.000000	107.099	-172.6370
11720.000000	107.396	-167.7637
11800.000000	107.604	-166.8863
12060.000000	108.339	-168.5867
12200.000000	108.574	-172.5431
12410.000000	108.432	178.9158
12500.000000	108.153	175.0780
12650.000000	107.402	169.5819
12800.000000	106.359	166.0375
13150.000000	103.422	166.1417
13200.000000	103.009	166.9043
13400.000000	101.520	170.9804
13600.000000	100.381	175.7544
13800.000000	99.624	-179.8410
14000.000000	99.175	-176.6472
14300.000000	98.758	-175.1984
14500.000000	98.412	-176.3137
14750.000000	97.696	-178.6295
15000.000000	96.633	-179.9665
15250.000000	95.371	-179.0074
15500.000000	94.173	-175.8908
15750.000000	93.304	-171.8374
16000.000000	92.910	-168.4983
16250.000000	92.926	-167.5219
16500.000000	93.096	-170.0798
16750.000000	93.113	-176.1653
17000.000000	92.778	175.6477
17250.000000	92.090	167.1480
17500.000000	91.226	158.8666
17750.000000	90.424	149.3232
18000.000000	89.785	135.5486
18250.000000	89.096	114.5383
18500.000000	87.931	84.6946
18750.000000	86.022	44.3149
19000.000000	83.473	-9.5048
19250.000000	80.467	-71.3434
19500.000000	77.114	-124.2598
19750.000000	73.726	-156.5987
