* Measurement data measured by REW V5.20 Beta 61
* Source: USB-C to 3.5mm Headphone Jack Adapter, USB-C to 3.5mm Headphone Jack Adapter, 0, volume: 0.138
* Format: 256k Log Swept Sine, 1 sweep at -12.0 dBFS with no timing reference
* Dated: Aug 14, 2021 2:54:27 PM
* REW Settings:
*  C-weighting compensation: Off
*  Target level: 75.0 dB
* Note: 
* Measurement: L
* Smoothing: None
* Frequency Step: 1/48 octave
* Start Frequency: 20.000 Hz
*
* Freq(Hz)	SPL(dB)	Phase(degrees)
20.000000	94.002777	-139.0527
20.299999	94.042168	-139.7440
20.600000	94.077690	-140.4070
20.900000	94.111000	-141.0387
21.200001	94.143776	-141.6428
21.400000	94.165848	-142.0349
21.799999	94.210579	-142.8021
22.000000	94.233185	-143.1809
22.400000	94.278633	-143.9344
22.700001	94.312782	-144.4999
23.000000	94.346703	-145.0709
23.299999	94.379524	-145.6518
23.600000	94.410049	-146.2420
24.000000	94.445435	-147.0344
24.299999	94.467712	-147.6190
24.700001	94.493500	-148.3707
25.000000	94.512024	-148.9127
25.400000	94.537346	-149.6200
25.799999	94.561905	-150.3281
26.200001	94.581802	-151.0335
26.500000	94.592583	-151.5409
26.900000	94.604019	-152.1612
27.200001	94.614624	-152.5796
27.600000	94.636803	-153.1004
28.000000	94.668747	-153.6362
28.500000	94.711555	-154.3903
29.000000	94.741066	-155.2049
29.500000	94.753868	-155.9767
30.000000	94.761810	-156.6483
30.400000	94.772034	-157.1425
30.700001	94.781921	-157.5132
31.100000	94.794334	-158.0212
31.500000	94.802681	-158.5334
32.000000	94.807396	-159.1467
32.500000	94.810661	-159.7191
33.000000	94.815727	-160.2741
33.500000	94.821503	-160.8320
34.000000	94.826477	-161.3971
34.500000	94.829659	-161.9745
35.000000	94.827988	-162.5641
35.500000	94.818741	-163.1335
36.000000	94.806145	-163.6391
36.500000	94.799179	-164.0877
37.000000	94.800140	-164.5425
37.500000	94.800301	-165.0339
38.200001	94.789680	-165.6775
38.700001	94.786575	-166.0564
39.500000	94.800255	-166.7412
40.000000	94.794418	-167.2533
40.599998	94.762733	-167.7260
41.200001	94.748932	-167.9290
41.799999	94.783318	-168.1791
42.500000	94.826538	-168.9019
43.099998	94.808510	-169.6239
43.700001	94.765991	-170.0823
44.400002	94.745003	-170.4045
45.000000	94.747398	-170.7695
45.500000	94.744537	-171.1384
46.200001	94.732964	-171.6618
46.799999	94.717659	-172.1339
47.500000	94.681274	-172.6436
48.200001	94.646103	-172.9549
48.700001	94.642181	-173.1394
49.400002	94.651978	-173.5770
50.000000	94.641739	-174.0696
50.799999	94.605850	-174.5943
51.500000	94.587296	-174.9552
52.200001	94.574051	-175.3830
53.000000	94.544205	-175.8615
53.799999	94.517303	-176.2175
54.500000	94.506119	-176.5403
55.200001	94.490303	-176.9169
56.000000	94.462364	-177.2853
57.000000	94.443802	-177.6956
58.000000	94.412086	-178.2647
59.000000	94.353493	-178.6046
60.000000	94.343407	-178.8639
60.799999	94.330803	-179.3450
61.500000	94.285431	-179.7230
62.200001	94.241989	-179.8780
63.000000	94.229767	179.9684
64.000000	94.215691	179.4955
65.000000	94.170181	179.1023
66.000000	94.140244	178.8043
67.000000	94.107918	178.4620
68.000000	94.077660	178.1658
69.000000	94.044342	177.8316
70.000000	94.005714	177.5787
71.000000	93.978310	177.3359
72.000000	93.949203	177.0608
73.000000	93.917618	176.7857
74.000000	93.882645	176.5352
75.000000	93.851891	176.2948
76.199997	93.809013	175.9946
77.500000	93.768127	175.7231
78.800003	93.725281	175.4225
80.000000	93.690155	175.1871
81.199997	93.653770	174.9136
82.500000	93.611534	174.6644
83.800003	93.567436	174.4242
85.000000	93.530449	174.2520
86.199997	93.494156	174.0477
87.500000	93.456841	173.8548
88.500000	93.426666	173.6756
90.000000	93.380470	173.4751
91.199997	93.348770	173.3067
92.500000	93.309158	173.0950
93.800003	93.265038	172.9771
95.000000	93.234055	172.8230
96.199997	93.192627	172.6862
97.500000	93.154472	172.5475
98.800003	93.115738	172.4037
100.000000	93.078690	172.2730
101.500000	93.041801	172.1240
103.000000	92.993935	171.9877
104.400002	92.962296	171.8683
106.000000	92.914635	171.7831
107.500000	92.876602	171.6435
109.000000	92.832047	171.5805
110.599998	92.788170	171.4527
112.000000	92.753044	171.3855
113.800003	92.706329	171.2742
115.000000	92.678436	171.1249
117.199997	92.614822	171.1390
118.000000	92.598228	171.0847
120.599998	92.535416	170.9409
122.000000	92.507446	170.9664
124.099998	92.457619	170.8682
125.000000	92.436462	170.8371
126.500000	92.402077	170.8024
128.000000	92.367355	170.7595
131.500000	92.292732	170.6471
132.000000	92.282684	170.6262
134.000000	92.233200	170.5934
136.000000	92.190750	170.5251
138.000000	92.140709	170.4977
140.000000	92.093391	170.4435
143.000000	92.015808	170.4288
145.000000	91.969231	170.4435
147.500000	91.899918	170.4656
150.000000	91.834076	170.5343
152.500000	91.768074	170.6171
155.000000	91.705101	170.8025
157.500000	91.640312	171.0509
160.000000	91.586845	171.3850
162.500000	91.548553	171.7919
165.000000	91.542465	172.2474
167.500000	91.559326	172.5504
170.000000	91.589211	172.7318
172.500000	91.615639	172.6513
175.000000	91.627419	172.4948
177.500000	91.625771	172.2848
180.000000	91.597443	172.0933
182.500000	91.570618	171.9049
185.000000	91.534187	171.7847
187.500000	91.495125	171.6842
190.000000	91.453209	171.6337
192.500000	91.407005	171.5884
195.000000	91.363541	171.5665
197.500000	91.320389	171.5646
200.000000	91.279457	171.5788
203.000000	91.227859	171.6087
206.000000	91.179245	171.6834
209.000000	91.133446	171.7669
212.000000	91.085709	171.8419
214.000000	91.052032	171.9059
218.000000	90.998520	171.9968
220.000000	90.972870	172.0752
224.000000	90.913048	172.1877
227.000000	90.875435	172.2830
230.000000	90.830673	172.4169
233.000000	90.787254	172.5088
236.000000	90.745392	172.6278
240.000000	90.691879	172.8470
243.000000	90.644562	172.9317
247.000000	90.587296	173.0823
250.000000	90.548935	173.2407
254.000000	90.490875	173.4595
258.000000	90.432037	173.6456
262.000000	90.372055	173.8866
265.000000	90.335350	174.0880
269.000000	90.276505	174.4023
272.000000	90.234344	174.6209
276.000000	90.182648	174.9631
280.000000	90.134300	175.3943
285.000000	90.093155	176.0234
290.000000	90.085419	176.6004
295.000000	90.093353	176.9968
300.000000	90.094246	177.1740
304.000000	90.084549	177.2393
307.000000	90.065666	177.2651
311.000000	90.030045	177.3806
315.000000	89.995445	177.4949
320.000000	89.945297	177.7490
325.000000	89.899979	177.9914
330.000000	89.851524	178.2969
335.000000	89.802635	178.5817
340.000000	89.760193	178.8843
345.000000	89.721275	179.2162
350.000000	89.675598	179.5715
355.000000	89.639809	179.9224
360.000000	89.600601	-179.7031
365.000000	89.560791	-179.3511
370.000000	89.525238	-178.9806
375.000000	89.492241	-178.5906
382.000000	89.446602	-178.0576
387.000000	89.416199	-177.6631
395.000000	89.370132	-177.0430
400.000000	89.340073	-176.6442
406.000000	89.312759	-176.1566
412.000000	89.277374	-175.6699
418.000000	89.252609	-175.1732
425.000000	89.217422	-174.5897
431.000000	89.199425	-174.0892
437.000000	89.168732	-173.6161
444.000000	89.143761	-173.0248
450.000000	89.125053	-172.5293
455.000000	89.108299	-172.0942
462.000000	89.087753	-171.5142
468.000000	89.070877	-171.0220
475.000000	89.056145	-170.4406
482.000000	89.037994	-169.8274
487.000000	89.031822	-169.3924
494.000000	89.019043	-168.8192
500.000000	89.009773	-168.3141
508.000000	89.004189	-167.6328
515.000000	88.994087	-167.0607
522.000000	88.990646	-166.4571
530.000000	88.986046	-165.7785
538.000000	88.982643	-165.1186
545.000000	88.978851	-164.4943
552.000000	88.992317	-163.9479
560.000000	88.985252	-163.2580
570.000000	88.994827	-162.4136
580.000000	89.002350	-161.5648
590.000000	89.017097	-160.7853
600.000000	89.033661	-159.9108
608.000000	89.047180	-159.2773
615.000000	89.056084	-158.7200
622.000000	89.072662	-158.1551
630.000000	89.089706	-157.5124
640.000000	89.112671	-156.7184
650.000000	89.140236	-155.9087
660.000000	89.169716	-155.0907
670.000000	89.198929	-154.3103
680.000000	89.231514	-153.5101
690.000000	89.263535	-152.7170
700.000000	89.301399	-151.9395
710.000000	89.341881	-151.1526
720.000000	89.382408	-150.3687
730.000000	89.419792	-149.5799
740.000000	89.466370	-148.8260
750.000000	89.513229	-148.0490
762.000000	89.564232	-147.0988
775.000000	89.634987	-146.0929
788.000000	89.703850	-145.1160
800.000000	89.771149	-144.1618
812.000000	89.847549	-143.2581
825.000000	89.931320	-142.2951
838.000000	90.017349	-141.2874
850.000000	90.100838	-140.3436
862.000000	90.185661	-139.4451
875.000000	90.290146	-138.4663
885.000000	90.373962	-137.7589
900.000000	90.500542	-136.6262
912.000000	90.610565	-135.7766
925.000000	90.731895	-134.8638
938.000000	90.856499	-133.9377
950.000000	90.983353	-133.1524
962.000000	91.114700	-132.3882
975.000000	91.260712	-131.5211
988.000000	91.409637	-130.7635
1000.000000	91.558220	-130.0871
1015.000000	91.747475	-129.2524
1030.000000	91.937225	-128.5095
1044.000000	92.120232	-127.8706
1060.000000	92.334717	-127.2129
1075.000000	92.537964	-126.6534
1090.000000	92.746857	-126.1957
1106.000000	92.964615	-125.7734
1120.000000	93.154617	-125.4742
1138.000000	93.398323	-125.1831
1150.000000	93.560379	-125.0455
1172.000000	93.844711	-124.8748
1180.000000	93.949547	-124.8228
1206.000000	94.267845	-124.7867
1220.000000	94.435715	-124.7961
1241.000000	94.682831	-124.8548
1250.000000	94.787292	-124.9131
1265.000000	94.958527	-125.0371
1280.000000	95.124115	-125.1609
1315.000000	95.498558	-125.6380
1320.000000	95.548340	-125.7397
1340.000000	95.750389	-126.0600
1360.000000	95.940163	-126.4377
1380.000000	96.121689	-126.8446
1400.000000	96.298912	-127.2583
1430.000000	96.550255	-127.9140
1450.000000	96.710083	-128.3725
1475.000000	96.901672	-128.9512
1500.000000	97.086052	-129.5443
1525.000000	97.265266	-130.1585
1550.000000	97.436844	-130.7731
1575.000000	97.602989	-131.4256
1600.000000	97.766670	-132.0907
1625.000000	97.923309	-132.7661
1650.000000	98.073029	-133.4780
1675.000000	98.221138	-134.2096
1700.000000	98.361618	-134.9583
1725.000000	98.497635	-135.7540
1750.000000	98.629295	-136.5659
1775.000000	98.754318	-137.3995
1800.000000	98.871696	-138.2599
1825.000000	98.980484	-139.1706
1850.000000	99.084557	-140.0914
1875.000000	99.181488	-141.0328
1900.000000	99.267708	-142.0079
1925.000000	99.345093	-143.0027
1950.000000	99.413292	-144.0122
1975.000000	99.473610	-145.0215
2000.000000	99.521843	-146.0391
2030.000000	99.566902	-147.2597
2060.000000	99.596634	-148.4890
2090.000000	99.612732	-149.6814
2120.000000	99.614212	-150.8517
2140.000000	99.608498	-151.6212
2180.000000	99.578346	-153.0886
2200.000000	99.554459	-153.7832
2240.000000	99.494362	-155.1023
2270.000000	99.436035	-156.0084
2300.000000	99.372925	-156.8491
2330.000000	99.304398	-157.6123
2360.000000	99.231422	-158.3173
2400.000000	99.128296	-159.1872
2430.000000	99.047005	-159.7666
2470.000000	98.929703	-160.4497
2500.000000	98.841309	-160.8658
2540.000000	98.716362	-161.3307
2580.000000	98.594398	-161.6608
2620.000000	98.474258	-161.9037
2650.000000	98.387459	-162.0017
2690.000000	98.275909	-162.0487
2720.000000	98.194679	-162.0325
2760.000000	98.097252	-161.9352
2800.000000	98.006493	-161.7580
2850.000000	97.902786	-161.4455
2900.000000	97.815437	-161.0523
2950.000000	97.748230	-160.5624
3000.000000	97.691139	-160.0256
3040.000000	97.662498	-159.5829
3070.000000	97.642029	-159.2171
3110.000000	97.629425	-158.7349
3150.000000	97.628967	-158.2304
3200.000000	97.641037	-157.5930
3250.000000	97.669861	-157.0149
3300.000000	97.719086	-156.3779
3350.000000	97.780457	-155.8260
3400.000000	97.861473	-155.3053
3450.000000	97.956459	-154.8429
3500.000000	98.069740	-154.4469
3550.000000	98.197906	-154.1277
3600.000000	98.340881	-153.9001
3650.000000	98.501923	-153.8194
3700.000000	98.680862	-153.8983
3750.000000	98.872009	-154.1582
3820.000000	99.146973	-154.9255
3870.000000	99.348137	-155.7758
3950.000000	99.647392	-157.7450
4000.000000	99.797203	-159.3680
4060.000000	99.916382	-161.6236
4120.000000	99.966515	-163.9574
4180.000000	99.969322	-166.3464
4250.000000	99.911041	-169.3287
4310.000000	99.777237	-171.9803
4370.000000	99.562103	-174.5785
4440.000000	99.210785	-177.3210
4500.000000	98.832703	-179.3125
4550.000000	98.468559	179.3940
4620.000000	97.907417	178.3322
4680.000000	97.442932	178.3174
4750.000000	97.018127	178.7975
4820.000000	96.653030	178.9467
4870.000000	96.366913	178.9725
4940.000000	95.917274	179.2770
5000.000000	95.522263	179.8937
5080.000000	94.976151	-178.6495
5150.000000	94.543732	-176.6547
5220.000000	94.193474	-174.2298
5300.000000	93.889603	-171.1537
5380.000000	93.724373	-168.0758
5450.000000	93.650276	-165.7795
5520.000000	93.572273	-163.8179
5600.000000	93.482559	-161.5979
5700.000000	93.389061	-158.6713
5800.000000	93.360573	-155.6127
5900.000000	93.394218	-152.6581
6000.000000	93.486450	-149.8100
6080.000000	93.597366	-147.6315
6150.000000	93.729118	-145.8257
6220.000000	93.888680	-144.1350
6300.000000	94.092766	-142.3609
6400.000000	94.401871	-140.3820
6500.000000	94.752518	-138.9409
6600.000000	95.134384	-137.8693
6700.000000	95.525909	-137.3264
6800.000000	95.917862	-137.1441
6900.000000	96.303520	-137.4384
7000.000000	96.673897	-138.0975
7100.000000	97.023323	-139.1082
7200.000000	97.363495	-140.4258
7300.000000	97.681610	-142.1586
7400.000000	97.959908	-144.3366
7500.000000	98.192581	-146.7865
7620.000000	98.383842	-150.0627
7750.000000	98.510406	-153.9272
7880.000000	98.507660	-158.1237
8000.000000	98.351501	-161.8368
8120.000000	98.083488	-165.0190
8250.000000	97.701782	-167.5655
8380.000000	97.340302	-168.8901
8500.000000	97.119278	-169.2982
8620.000000	97.079132	-169.5077
8750.000000	97.228775	-170.5704
8850.000000	97.420235	-172.5833
9000.000000	97.584656	-177.9897
9120.000000	97.399040	176.5267
9250.000000	96.834610	171.0667
9380.000000	96.051796	167.5043
9500.000000	95.312035	165.9806
9620.000000	94.686775	165.8241
9750.000000	94.229279	166.5970
9880.000000	94.027466	167.2672
10000.000000	94.050568	167.1147
10150.000000	94.289009	164.5969
10300.000000	94.454666	158.3383
10440.000000	94.126686	149.7146
10600.000000	92.940567	140.2302
10750.000000	91.321091	134.8810
10900.000000	89.630974	133.3719
11060.000000	88.038765	134.7406
11200.000000	86.890259	137.5517
11380.000000	85.733597	142.0679
11500.000000	85.142143	145.2126
11720.000000	84.385185	151.2433
11800.000000	84.249481	153.1241
12060.000000	84.015076	158.7795
12200.000000	84.094902	161.2346
12410.000000	84.433701	163.5637
12500.000000	84.663834	163.7801
12650.000000	85.143829	163.5051
12800.000000	85.724022	162.0708
13150.000000	87.116440	151.5192
13200.000000	87.278633	149.2004
13400.000000	87.698830	138.2692
13600.000000	87.647324	125.8380
13800.000000	87.210205	113.3657
14000.000000	86.324287	100.8453
14300.000000	84.131340	87.8750
14500.000000	82.886650	84.0975
14750.000000	81.823380	80.2277
15000.000000	81.162140	76.8380
15250.000000	80.954742	72.3057
15500.000000	81.137894	65.5691
15750.000000	81.670914	54.0997
16000.000000	82.115173	35.6299
16250.000000	81.441864	8.6416
16500.000000	78.408676	-17.9033
16750.000000	74.973038	-28.7973
17000.000000	69.772865	-25.9635
17250.000000	70.350700	-0.6476
17500.000000	74.757812	-6.2258
17750.000000	78.047821	-41.1409
18000.000000	78.095306	-82.8125
18250.000000	77.224182	-118.0946
18500.000000	76.253685	-153.3989
18750.000000	75.307831	171.3090
19000.000000	74.700111	134.6298
19250.000000	74.386238	93.4906
19500.000000	74.064438	47.3256
19750.000000	73.349182	-4.5043
