* Freq(Hz) SPL(dB)
19.976955 90.000
20.121717 90.000
20.267529 90.000
20.414396 90.000
20.562328 90.000
20.711332 90.000
20.861416 90.000
21.012587 90.000
21.164852 90.000
21.318222 90.000
21.472702 90.000
21.628302 90.000
21.785028 90.000
21.942892 90.000
22.101900 90.000
22.262060 90.000
22.423380 90.000
22.585869 90.000
22.749535 90.000
22.914387 90.000
23.080433 90.000
23.247683 90.000
23.416145 90.000
23.585829 90.000
23.756741 90.000
23.928892 90.000
24.102291 90.000
24.276947 90.000
24.452868 90.000
24.630064 90.000
24.808544 90.000
24.988317 90.000
25.169394 90.000
25.351782 90.000
25.535492 90.000
25.720533 90.000
25.906916 90.000
26.094648 90.000
26.283741 90.000
26.474203 90.000
26.666046 90.000
26.859280 90.000
27.053913 90.000
27.249956 90.000
27.447420 90.000
27.646315 90.000
27.846651 90.000
28.048439 90.000
28.251690 90.000
28.456413 90.000
28.662621 90.000
28.870321 90.000
29.079527 90.000
29.290249 90.000
29.502499 90.000
29.716286 90.000
29.931622 90.000
30.148518 90.000
30.366985 90.000
30.587036 90.000
30.808681 90.000
31.031935 90.000
31.256805 90.000
31.483305 90.000
31.711447 90.000
31.941240 90.000
32.172699 90.000
32.405834 90.000
32.640659 90.000
32.877186 90.000
33.115429 90.000
33.355396 90.000
33.597103 90.000
33.840561 90.000
34.085785 90.000
34.332783 90.000
34.581573 90.000
34.832165 90.000
35.084572 90.000
35.338810 90.000
35.594891 90.000
35.852825 90.000
36.112629 90.000
36.374317 90.000
36.637901 90.000
36.903393 90.000
37.170811 90.000
37.440166 90.000
37.711472 90.000
37.984745 90.000
38.259998 90.000
38.537247 90.000
38.816502 90.000
39.097782 90.000
39.381100 90.000
39.666470 90.000
39.953911 90.000
40.243435 90.000
40.535057 90.000
40.828793 90.000
41.124657 90.000
41.422665 90.000
41.722832 90.000
42.025173 90.000
42.329704 90.000
42.636444 90.000
42.945404 90.000
43.256603 90.000
43.570057 90.000
43.885784 90.000
44.203800 90.000
44.524120 90.000
44.846760 90.000
45.171738 90.000
45.499069 90.000
45.828773 90.000
46.160866 90.000
46.495365 90.000
46.832291 90.000
47.171658 90.000
47.513481 90.000
47.857784 90.000
48.204582 90.000
48.553894 90.000
48.905735 90.000
49.260128 90.000
49.617088 90.000
49.976635 90.000
50.338787 90.000
50.703564 90.000
51.070984 90.000
51.441067 90.000
51.813831 90.000
52.189297 90.000
52.567482 90.000
52.948406 90.000
53.332092 90.000
53.718559 90.000
54.107826 90.000
54.499912 90.000
54.894840 90.000
55.292629 90.000
55.693302 90.000
56.096878 90.000
56.503380 90.000
56.912827 90.000
57.325241 90.000
57.740643 90.000
58.159054 90.000
58.580498 90.000
59.004997 90.000
59.432571 90.000
59.863243 90.000
60.297035 90.000
60.733971 90.000
61.174072 90.000
61.617363 90.000
62.063869 90.000
62.513611 90.000
62.966610 90.000
63.422894 90.000
63.882481 90.000
64.345398 90.000
64.811668 90.000
65.281319 90.000
65.754372 90.000
66.230858 90.000
66.710793 90.000
67.194206 90.000
67.681122 90.000
68.171570 90.000
68.665565 90.000
69.163147 90.000
69.664330 90.000
70.169144 90.000
70.677620 90.000
71.189781 90.000
71.705650 90.000
72.225258 90.000
72.748634 90.000
73.275803 90.000
73.806786 90.000
74.341621 90.000
74.880333 90.000
75.422943 90.000
75.969490 90.000
76.519997 90.000
77.074493 90.000
77.633003 90.000
78.195564 90.000
78.762199 90.000
79.332939 90.000
79.907822 90.000
80.486870 90.000
81.070114 90.000
81.657585 90.000
82.249313 90.000
82.845329 90.000
83.445663 90.000
84.050346 90.000
84.659409 90.000
85.272888 90.000
85.890808 90.000
86.513206 90.000
87.140114 90.000
87.771568 90.000
88.407600 90.000
89.048241 90.000
89.693520 90.000
90.343475 90.000
90.998138 90.000
91.657547 90.000
92.321732 90.000
92.990730 90.000
93.664581 90.000
94.343315 90.000
95.026962 90.000
95.715569 90.000
96.409164 90.000
97.107788 90.000
97.811470 90.000
98.520256 90.000
99.234177 90.000
99.953270 90.000
100.677574 90.000
101.407127 90.000
102.141968 90.000
102.882133 90.000
103.627663 90.000
104.378593 90.000
105.134964 90.000
105.896812 90.000
106.664185 90.000
107.437119 90.000
108.215652 90.000
108.999825 90.000
109.789680 90.000
110.585258 90.000
111.386604 90.000
112.193756 90.000
113.006760 90.000
113.825653 90.000
114.650482 90.000
115.481285 90.000
116.318108 90.000
117.160995 90.000
118.009995 90.000
118.865143 90.000
119.726486 90.000
120.594070 90.000
121.467941 90.000
122.348145 90.000
123.234726 90.000
124.127739 90.000
125.027222 90.000
125.933220 90.000
126.845787 90.000
127.764961 90.000
128.690796 90.000
129.623337 90.000
130.562637 90.000
131.508743 90.000
132.461716 90.000
133.421585 90.000
134.388412 90.000
135.362244 90.000
136.343140 90.000
137.331131 90.000
138.326294 90.000
139.328659 90.000
140.338287 90.000
141.355240 90.000
142.379562 90.000
143.411301 90.000
144.450516 90.000
145.497269 90.000
146.551605 90.000
147.613571 90.000
148.683243 90.000
149.760666 90.000
150.845886 90.000
151.938980 90.000
153.039993 90.000
154.148987 90.000
155.266006 90.000
156.391129 90.000
157.524399 90.000
158.665878 90.000
159.815643 90.000
160.973740 90.000
162.140228 90.000
163.315170 90.000
164.498627 90.000
165.690659 90.000
166.891327 90.000
168.100693 90.000
169.318817 90.000
170.545776 90.000
171.781616 90.000
173.026413 90.000
174.280228 90.000
175.543137 90.000
176.815201 90.000
178.096481 90.000
179.387039 90.000
180.686951 90.000
181.996277 90.000
183.315094 90.000
184.643463 90.000
185.981461 90.000
187.329163 90.000
188.686630 90.000
190.053925 90.000
191.431137 90.000
192.818329 90.000
194.215576 90.000
195.622940 90.000
197.040512 90.000
198.468353 90.000
199.906540 90.000
201.355148 90.000
202.814255 90.000
204.283936 90.000
205.764267 90.000
207.255325 90.000
208.757187 90.000
210.269928 90.000
211.793625 90.000
213.328369 90.000
214.874237 90.000
216.431305 90.000
217.999649 90.000
219.579361 90.000
221.170517 90.000
222.773209 90.000
224.387512 90.000
226.013519 90.000
227.651306 90.000
229.300964 90.000
230.962570 90.000
232.636215 90.000
234.321991 90.000
236.019989 90.000
237.730286 90.000
239.452972 90.000
241.188141 90.000
242.935883 90.000
244.696289 90.000
246.469452 90.000
248.255478 90.000
250.054443 90.000
251.866440 90.000
253.691574 90.000
255.529922 90.000
257.381592 90.000
259.246674 90.000
261.125275 90.000
263.017487 90.000
264.923431 90.000
266.843170 90.000
268.776825 90.000
270.724487 90.000
272.686279 90.000
274.662262 90.000
276.652588 90.000
278.657318 90.000
280.676575 90.000
282.710480 90.000
284.759125 90.000
286.822601 90.000
288.901031 90.000
290.994537 90.000
293.103210 90.000
295.227142 90.000
297.366486 90.000
299.521332 90.000
301.691772 90.000
303.877960 90.000
306.079987 90.000
308.297974 90.000
310.532013 90.000
312.782257 90.000
315.048798 90.000
317.331757 90.000
319.631287 90.000
321.947479 90.000
324.280457 90.000
326.630341 90.000
328.997253 90.000
331.381317 90.000
333.782654 90.000
336.201385 90.000
338.637634 90.000
341.091553 90.000
343.563232 90.000
346.052826 90.000
348.560455 90.000
351.086273 90.000
353.630402 90.000
356.192963 90.000
358.774078 90.000
361.373901 90.000
363.992554 90.000
366.630188 90.000
369.286926 90.000
371.962921 90.000
374.658325 90.000
377.373260 90.000
380.107849 90.000
382.862274 90.000
385.636658 90.000
388.431152 90.000
391.245880 90.000
394.081024 90.000
396.936707 90.000
399.813080 90.000
402.710297 90.000
405.628510 90.000
408.567871 90.000
411.528534 90.000
414.510651 90.000
417.514374 90.000
420.539856 90.000
423.587250 90.000
426.656738 90.000
429.748474 90.000
432.862610 90.000
435.999298 90.000
439.158722 90.000
442.341034 90.000
445.546417 90.000
448.775024 90.000
452.027039 90.000
455.302612 90.000
458.601929 90.000
461.925140 90.000
465.272430 90.000
468.643982 90.000
472.039978 90.000
475.460571 90.000
478.905945 90.000
482.376282 90.000
485.871765 90.000
489.392578 90.000
492.938904 90.000
496.510956 90.000
500.108887 90.000
503.732880 90.000
507.383148 90.000
511.059845 90.000
514.763184 90.000
518.493347 90.000
522.250549 90.000
526.034973 90.000
529.846863 90.000
533.686340 90.000
537.553650 90.000
541.448975 90.000
545.372559 90.000
549.324524 90.000
553.305176 90.000
557.314636 90.000
561.353149 90.000
565.420959 90.000
569.518250 90.000
573.645203 90.000
577.802063 90.000
581.989075 90.000
586.206421 90.000
590.454285 90.000
594.732971 90.000
599.042664 90.000
603.383545 90.000
607.755920 90.000
612.159973 90.000
616.595947 90.000
621.064026 90.000
625.564514 90.000
630.097595 90.000
634.663513 90.000
639.262573 90.000
643.894958 90.000
648.560913 90.000
653.260681 90.000
657.994507 90.000
662.762634 90.000
667.565308 90.000
672.402771 90.000
677.275269 90.000
682.183105 90.000
687.126465 90.000
692.105652 89.999
697.120911 90.000
702.172546 90.005
707.260803 90.010
712.385925 90.010
717.548157 90.010
722.747803 90.009
727.985107 90.010
733.260376 90.014
738.573853 90.020
743.925842 90.025
749.316650 90.030
754.746521 90.035
760.215698 90.040
765.724548 90.045
771.273315 90.050
776.862305 90.055
782.491760 90.060
788.162048 90.065
793.873413 90.070
799.626160 90.075
805.420593 90.080
811.257019 90.085
817.135742 90.090
823.057068 90.094
829.021301 90.100
835.028748 90.110
841.079712 90.120
847.174500 90.124
853.313477 90.130
859.496948 90.145
865.725220 90.160
871.998596 90.170
878.317444 90.180
884.682068 90.194
891.092834 90.210
897.550049 90.230
904.054077 90.250
910.605225 90.270
917.203857 90.290
923.850281 90.309
930.544861 90.331
937.287964 90.359
944.079956 90.391
950.921143 90.419
957.811890 90.451
964.752563 90.490
971.743530 90.531
978.785156 90.570
985.877808 90.611
993.021912 90.655
1000.217773 90.701
1007.465759 90.751
1014.766296 90.801
1022.119690 90.850
1029.526367 90.901
1036.986694 90.960
1044.501099 91.022
1052.069946 91.081
1059.693726 91.142
1067.372681 91.206
1075.107300 91.272
1082.897949 91.336
1090.745117 91.402
1098.649048 91.471
1106.610352 91.542
1114.629272 91.616
1122.706299 91.692
1130.841919 91.767
1139.036499 91.842
1147.290405 91.917
1155.604126 91.992
1163.978149 92.066
1172.412842 92.142
1180.908569 92.221
1189.465942 92.302
1198.085327 92.383
1206.767090 92.462
1215.511841 92.538
1224.319946 92.612
1233.191895 92.686
1242.128052 92.762
1251.129028 92.843
1260.195190 92.922
1269.327026 92.992
1278.525146 93.062
1287.789917 93.138
1297.121826 93.212
1306.521362 93.278
1315.989014 93.342
1325.525269 93.407
1335.130615 93.472
1344.805542 93.538
1354.550537 93.601
1364.366211 93.658
1374.252930 93.711
1384.211304 93.766
1394.241821 93.821
1404.345093 93.877
1414.521606 93.931
1424.771851 93.982
1435.096313 94.031
1445.495605 94.082
1455.970215 94.131
1466.520752 94.176
1477.147705 94.221
1487.851685 94.271
1498.633301 94.321
1509.493042 94.367
1520.431396 94.411
1531.449097 94.455
1542.546631 94.501
1553.724609 94.551
1564.983521 94.601
1576.324097 94.646
1587.746826 94.691
1599.252319 94.741
1610.841187 94.791
1622.514038 94.841
1634.271484 94.891
1646.114136 94.941
1658.042603 94.991
1670.057495 95.041
1682.159424 95.091
1694.348999 95.141
1706.626953 95.191
1718.993896 95.241
1731.450439 95.291
1743.997192 95.341
1756.634888 95.391
1769.364136 95.446
1782.185669 95.501
1795.100098 95.552
1808.108154 95.601
1821.210449 95.651
1834.407715 95.701
1847.700562 95.751
1861.089722 95.801
1874.575928 95.851
1888.159912 95.901
1901.842285 95.952
1915.623779 96.001
1929.505127 96.046
1943.487061 96.091
1957.570312 96.141
1971.755615 96.191
1986.043823 96.237
2000.435547 96.281
2014.931519 96.326
2029.532593 96.371
2044.239380 96.416
2059.052734 96.461
2073.973389 96.507
2089.002197 96.551
2104.139893 96.591
2119.387451 96.631
2134.745361 96.676
2150.214600 96.721
2165.795898 96.762
2181.490234 96.801
2197.298096 96.842
2213.220703 96.881
2229.258545 96.916
2245.412598 96.951
2261.683838 96.991
2278.072998 97.031
2294.580811 97.067
2311.208252 97.101
2327.956299 97.131
2344.825684 97.161
2361.817139 97.196
2378.931885 97.231
2396.170654 97.261
2413.534180 97.291
2431.023682 97.321
2448.639893 97.351
2466.383789 97.381
2484.256104 97.411
2502.258057 97.437
2520.390381 97.460
2538.654053 97.480
2557.050293 97.501
2575.579834 97.526
2594.243652 97.550
2613.042725 97.566
2631.978027 97.580
2651.050537 97.600
2670.261230 97.620
2689.611084 97.637
2709.101074 97.650
2728.732422 97.661
2748.505859 97.670
2768.422607 97.681
2788.483643 97.690
2808.690186 97.696
2829.043213 97.700
2849.543701 97.705
2870.192627 97.710
2890.991211 97.716
2911.940430 97.720
2933.041504 97.721
2954.295410 97.720
2975.703369 97.715
2997.266602 97.710
3018.986084 97.705
3040.862793 97.700
3062.898193 97.690
3085.093262 97.680
3107.449219 97.670
3129.967041 97.660
3152.648193 97.650
3175.493652 97.640
3198.504639 97.626
3221.682373 97.609
3245.028076 97.590
3268.542969 97.569
3292.228271 97.549
3316.085205 97.529
3340.114990 97.510
3364.318848 97.489
3388.697998 97.465
3413.253906 97.439
3437.987793 97.409
3462.900879 97.379
3487.994385 97.354
3513.269775 97.329
3538.728271 97.300
3564.371338 97.269
3590.200195 97.235
3616.216309 97.199
3642.420898 97.164
3668.815430 97.129
3695.401123 97.094
3722.179443 97.059
3749.151855 97.025
3776.319824 96.989
3803.684570 96.949
3831.247559 96.909
3859.010254 96.869
3886.974121 96.829
3915.140625 96.789
3943.511230 96.749
3972.087646 96.709
4000.871094 96.669
4029.863037 96.629
4059.065186 96.589
4088.478760 96.544
4118.105469 96.499
4147.946777 96.459
4178.004395 96.419
4208.279785 96.374
4238.774902 96.329
4269.490723 96.283
4300.429199 96.239
4331.591797 96.199
4362.980469 96.159
4394.596191 96.114
4426.441406 96.069
4458.517090 96.024
4490.825195 95.979
4523.367676 95.934
4556.145996 95.889
4589.161621 95.843
4622.416504 95.799
4655.912598 95.759
4689.651367 95.719
4723.634277 95.674
4757.863770 95.629
4792.341309 95.583
4827.068359 95.539
4862.047363 95.499
4897.279785 95.459
4932.767578 95.414
4968.512207 95.369
5004.516113 95.324
5040.780762 95.279
5077.308105 95.234
5114.100586 95.189
5151.159668 95.144
5188.487305 95.099
5226.085449 95.054
5263.956055 95.009
5302.101074 94.959
5340.522461 94.909
5379.222168 94.859
5418.202148 94.809
5457.464844 94.759
5497.011719 94.709
5536.845215 94.659
5576.967285 94.608
5617.380371 94.554
5658.086426 94.498
5699.087402 94.443
5740.385254 94.388
5781.982422 94.333
5823.880859 94.278
5866.083008 94.224
5908.590820 94.168
5951.406738 94.108
5994.533203 94.048
6037.972168 93.993
6081.725586 93.938
6125.796387 93.878
6170.186523 93.818
6214.898438 93.763
6259.934082 93.708
6305.296387 93.648
6350.987305 93.588
6397.009277 93.533
6443.364746 93.478
6490.056152 93.423
6537.085938 93.368
6584.456543 93.313
6632.170410 93.258
6680.229980 93.203
6728.637695 93.149
6777.395996 93.099
6826.507812 93.048
6875.975586 92.993
6925.801758 92.939
6975.988770 92.889
7026.539551 92.838
7077.456543 92.783
7128.742676 92.729
7180.400391 92.679
7232.432617 92.628
7284.841797 92.573
7337.630859 92.519
7390.802246 92.469
7444.358887 92.418
7498.303711 92.363
7552.639648 92.309
7607.369141 92.259
7662.495117 92.208
7718.020508 92.154
7773.948242 92.098
7830.281250 92.044
7887.022461 91.988
7944.175293 91.928
8001.742188 91.868
8059.726074 91.813
8118.130371 91.758
8176.957520 91.698
8236.210938 91.638
8295.893555 91.583
8356.008789 91.528
8416.559570 91.468
8477.549805 91.408
8538.981445 91.353
8600.858398 91.298
8663.183594 91.239
8725.960938 91.178
8789.192383 91.118
8852.882812 91.058
8917.034180 91.003
8981.650391 90.948
9046.735352 90.889
9112.291992 90.828
9178.323242 90.768
9244.833008 90.708
9311.825195 90.648
9379.302734 90.588
9447.268555 90.528
9515.727539 90.468
9584.682617 90.408
9654.136719 90.348
9724.094727 90.288
9794.559570 90.228
9865.535156 90.168
9937.024414 90.108
10009.032227 90.049
10081.561523 89.988
10154.616211 89.924
10228.201172 89.858
10302.319336 89.793
10376.974609 89.728
10452.170898 89.664
10527.912109 89.598
10604.202148 89.529
10681.044922 89.458
10758.444336 89.388
10836.404297 89.318
10914.929688 89.249
10994.023438 89.178
11073.690430 89.104
11153.934570 89.028
11234.760742 88.953
11316.172852 88.878
11398.174805 88.804
11480.770508 88.728
11563.964844 88.648
11647.761719 88.568
11732.166016 88.492
11817.181641 88.418
11902.813477 88.343
11989.066406 88.268
12075.944336 88.193
12163.451172 88.118
12251.592773 88.043
12340.373047 87.968
12429.796875 87.893
12519.868164 87.818
12610.592773 87.744
12701.974609 87.668
12794.018555 87.588
12886.729492 87.508
12980.112305 87.428
13074.171875 87.348
13168.913086 87.268
13264.340820 87.188
13360.459961 87.103
13457.275391 87.018
13554.791992 86.933
13653.015625 86.848
13751.951172 86.763
13851.603516 86.678
13951.977539 86.593
14053.079102 86.508
14154.913086 86.421
14257.485352 86.338
14360.800781 86.262
14464.865234 86.188
14569.683594 86.107
14675.261719 86.028
14781.604492 85.957
14888.717773 85.888
14996.607422 85.817
15105.279297 85.748
15214.738281 85.682
15324.990234 85.618
15436.041016 85.558
15547.896484 85.498
15660.562500 85.434
15774.044922 85.368
15888.350586 85.304
16003.484375 85.238
16119.452148 85.169
16236.260742 85.098
16353.915039 85.025
16472.421875 84.948
16591.787109 84.860
16712.017578 84.768
16833.119141 84.674
16955.099609 84.577
17077.962891 84.478
17201.716797 84.377
17326.367188 84.275
17451.921875 84.178
17578.384766 84.089
17705.765625 84.008
17834.068359 83.936
17963.300781 83.868
18093.470703 83.803
18224.583984 83.738
18356.646484 83.677
18489.666016 83.608
18623.650391 83.515
18758.605469 83.418
18894.537109 83.335
19031.455078 83.248
19169.365234 83.151
19308.273438 83.028
19448.189453 82.856
19589.119141 82.666
19731.070312 82.424
19874.048828 0.000
