FFT	AudioTools 	v15.9.3 iPad battery  47%	2022/11/05 20:18	Internal Mic 1 Low Range	EB05A3E2-10AC-49FE-A287-06AC06EBE5AD
Frequency	dB	Unweighted
19.5	54
19.8	54
20.1	54
20.3	54
20.6	54
20.9	54
21.2	54
21.6	54.1
21.9	54.1
22.2	54.2
22.5	54.2
22.8	54.2
23.2	54.2
23.5	54.2
23.8	54.2
24.2	54.2
24.5	54.2
24.9	54.2
25.3	54.3
25.6	54.3
26	54.3
26.4	54.3
26.8	54.3
27.2	54.2
27.5	54.1
28	53.9
28.4	53.8
28.8	53.7
29.2	53.6
29.6	53.6
30	53.6
30.5	53.6
30.9	53.6
31.4	53.5
31.8	53.3
32.3	53.2
32.8	53.1
33.2	53
33.7	53.1
34.2	53.2
34.7	53.3
35.2	53.4
35.7	53.5
36.2	53.4
36.8	53.4
37.3	53.3
37.9	53.2
38.4	53.1
39	53.1
39.5	53
40.1	53
40.7	53
41.3	52.9
41.9	53
42.5	53
43.1	53.1
43.7	53
44.4	52.9
45	52.7
45.7	52.6
46.3	52.6
47	52.7
47.7	52.8
48.4	52.9
49.1	52.8
49.8	52.7
50.5	52.6
51.3	52.6
52	52.5
52.8	52.4
53.5	52.4
54.3	52.3
55.1	52.3
55.9	52.2
56.7	52.3
57.5	52.3
58.4	52.3
59.2	52.3
60.1	52.3
61	52.3
61.8	52.3
62.7	52.3
63.7	52.2
64.6	52.2
65.5	52.1
66.5	52.1
67.4	52.1
68.4	52.1
69.4	52.1
70.4	51.9
71.5	51.9
72.5	51.8
73.5	51.7
74.6	51.5
75.7	51.3
76.8	51.3
77.9	51.3
79.1	51.3
80.2	51.1
81.4	51
82.6	50.8
83.8	50.7
85	50.8
86.2	51
87.5	51.1
88.7	51.1
90	51
91.3	50.8
92.7	50.7
94	50.6
95.4	50.5
96.8	50.6
98.2	50.8
99.6	50.8
101	50.8
103	50.8
104	50.7
106	50.6
107	50.6
109	50.5
110	50.3
112	50.2
113	50.3
115	50.4
117	50.4
118	50.3
120	50.4
122	50.3
124	50.1
125	49.9
127	49.8
129	49.8
131	49.7
133	49.7
135	49.8
137	49.8
139	49.7
141	49.7
143	49.6
145	49.5
147	49.5
149	49.6
151	49.6
154	49.5
156	49.5
158	49.5
160	49.5
163	49.4
165	49.2
168	49.1
170	49
172	49
175	49
177	49
180	49
183	49
185	48.8
188	48.8
191	48.9
194	49.1
196	49
199	48.9
202	48.9
205	48.8
208	48.6
211	48.6
214	48.7
217	48.6
220	48.6
224	48.6
227	48.5
230	48.4
234	48.5
237	48.4
240	48.4
244	48.5
247	48.5
251	48.5
255	48.4
258	48.2
262	48.2
266	48.1
270	48.2
274	48.3
278	48.2
282	48.2
286	48.2
290	48.1
294	48
298	47.9
303	47.8
307	47.8
312	47.8
316	47.8
321	47.8
325	48
330	47.9
335	47.7
340	47.6
345	47.6
350	47.7
355	47.7
360	47.8
365	47.8
371	47.8
376	47.8
382	47.6
387	47.5
393	47.5
398	47.5
404	47.5
410	47.5
416	47.5
422	47.5
428	47.5
434	47.3
441	47.2
447	47.2
454	47.3
460	47.3
467	47.2
474	47.1
481	47.2
488	47.2
495	47.2
502	47.3
509	47.3
517	47.3
524	47.2
532	47.2
540	47.1
547	47.1
555	47.1
563	47.1
572	47.1
580	47.1
588	47.2
597	47.1
606	47
614	47
623	46.9
632	46.8
642	46.8
651	46.8
660	46.9
670	46.9
680	46.8
690	46.8
700	46.8
710	46.9
720	46.9
731	46.9
741	46.9
752	47
763	46.9
774	46.9
785	46.9
797	46.9
808	47
820	47
832	47
844	47.1
856	47.1
869	47.1
882	47.2
894	47.3
907	47.3
921	47.4
934	47.4
948	47.5
961	47.5
975	47.5
990	47.6
1004	47.7
1019	47.8
1033	47.9
1048	48
1064	48.1
1079	48.2
1095	48.4
1111	48.5
1127	48.6
1143	48.7
1160	48.8
1177	48.9
1194	49
1211	49.1
1229	49.2
1247	49.2
1265	49.2
1283	49.3
1302	49.3
1321	49.5
1340	49.5
1360	49.6
1379	49.6
1399	49.7
1420	49.8
1440	49.8
1461	49.9
1483	49.9
1504	50
1526	50
1548	50.1
1571	50.2
1594	50.2
1617	50.3
1640	50.3
1664	50.4
1688	50.5
1713	50.6
1738	50.7
1763	50.7
1789	50.8
1815	50.9
1841	51
1868	51
1895	51.1
1923	51.3
1951	51.4
1979	51.5
2008	51.6
2037	51.7
2067	51.8
2097	52
2127	52.1
2158	52.3
2190	52.5
2221	52.7
2254	52.9
2287	53
2320	53.2
2354	53.4
2388	53.6
2423	53.7
2458	53.9
2494	54.2
2530	54.4
2567	54.6
2604	54.8
2642	55
2680	55.2
2719	55.4
2759	55.6
2799	55.8
2840	56
2881	56.2
2923	56.5
2965	56.6
3008	56.8
3052	56.8
3097	56.9
3142	57
3187	56.9
3234	56.9
3281	56.8
3328	56.6
3377	56.4
3426	56.2
3476	56
3526	55.7
3578	55.5
3630	55.2
3682	54.9
3736	54.6
3790	54.3
3846	54
3901	53.8
3958	53.5
4016	53.2
4074	53
4133	52.7
4194	52.5
4255	52.2
4316	52
4379	51.9
4443	51.7
4508	51.5
4573	51.4
4640	51.4
4707	51.3
4776	51.3
4845	51.2
4916	51.2
4987	51.2
5060	51.2
5133	51.1
5208	51.1
5284	51.1
5360	51
5438	51
5518	51
5598	51
5679	51
5762	51
5846	51
5931	51
6017	51.1
6104	51.2
6193	51.4
6283	51.6
6375	51.8
6467	52.1
6561	52.7
6657	53.1
6754	53.6
6852	54.1
6952	54.7
7053	55.3
7155	55.8
7259	56.2
7365	56.3
7472	56.3
7581	56
7691	55.4
7803	54.7
7916	53.9
8032	53
8148	52.2
8267	51.2
8387	50.2
8509	49.2
8633	48.3
8758	47.4
8886	46.5
9015	45.8
9146	45.1
9279	44.4
9414	43.8
9551	43.3
9690	42.8
9831	42.4
9974	41.9
10119	41.6
10266	41.4
10416	41.2
10567	41.1
10721	41.1
10877	41
11035	41
11196	41.1
11358	41.1
11524	41.2
11691	41.2
11861	41.2
12034	41.2
12209	41.2
12386	41.2
12567	41.3
12749	41.4
12935	41.6
13123	41.9
13314	42.4
13507	43
13704	43.6
13903	44.3
14105	45.2
14311	46.3
14519	47.4
14730	48.2
14944	48.5
15162	48.1
15382	46.2
15606	44.4
15833	42.5
16063	40.6
16297	38.7
16534	37
16774	35.4
17018	34
17266	32.6
17517	31.5
17772	31.4
18030	32.2
18293	33
18559	33.3
18829	33.3
19102	33
19380	32.3
20000	31.6
overall dB	75.7 dB
decay	Average
averaging	1/12 Octave
source	Internal Mic 1 Low Range
latitude	0
longitude	0
saved	2022/11/05 20:18
peak	11.7Hz
