* Measurement data measured by REW V5.20.4
* Source: Input device not selected, no input selected, L, volume: no control
* Format: 256k Log Swept Sine, 1 sweep at -12,0 dBFS with no timing reference
* Dated: 2022-jan-07 16:46:07
* REW Settings:
*  C-weighting compensation: Off
*  Target level: 75.0 dB
* Note: stock tips M + stock cable 3.5mm 200 mesh  Left
* Measurement: CCA CRA 200 mesh L
* Smoothing: 1/12 octave
* Frequency Step: 1/48 octave
* Start Frequency: 20.300 Hz
*
* Freq(Hz)	SPL(dB)	Phase(degrees)
20.299999	93.177	-5.7619
20.600000	93.162	-5.9569
20.900000	93.127	-6.3717
21.200001	93.090	-6.8354
21.400000	93.067	-7.1533
21.799999	93.022	-7.8006
22.000000	93.001	-8.1259
22.400000	92.960	-8.7744
22.700001	92.930	-9.2501
23.000000	92.901	-9.7076
23.299999	92.873	-10.1425
23.600000	92.845	-10.5547
24.000000	92.809	-11.0743
24.299999	92.782	-11.4511
24.700001	92.747	-11.9531
25.000000	92.718	-12.3404
25.400000	92.677	-12.8789
25.799999	92.630	-13.4365
26.200001	92.578	-13.9925
26.500000	92.538	-14.3942
26.900000	92.489	-14.9010
27.200001	92.458	-15.2642
27.600000	92.425	-15.7439
28.000000	92.398	-16.2409
28.500000	92.361	-16.8938
29.000000	92.309	-17.5379
29.500000	92.238	-18.1107
30.000000	92.160	-18.5900
30.400000	92.101	-18.9343
30.700001	92.060	-19.1924
31.100000	92.011	-19.5590
31.500000	91.965	-19.9556
32.000000	91.908	-20.4744
32.500000	91.851	-20.9861
33.000000	91.795	-21.4732
33.500000	91.741	-21.9401
34.000000	91.687	-22.3952
34.500000	91.631	-22.8399
35.000000	91.574	-23.2746
35.500000	91.516	-23.7068
36.000000	91.457	-24.1452
36.500000	91.398	-24.5921
37.000000	91.342	-25.0448
37.500000	91.291	-25.5043
38.200001	91.227	-26.1626
38.700001	91.179	-26.6253
39.500000	91.088	-27.2573
40.000000	91.023	-27.5561
40.599998	90.946	-27.8561
41.200001	90.874	-28.1695
41.799999	90.805	-28.5343
42.500000	90.728	-28.9983
43.099998	90.663	-29.3895
43.700001	90.601	-29.7634
44.400002	90.529	-30.1853
45.000000	90.466	-30.5412
45.500000	90.414	-30.8359
46.200001	90.340	-31.2459
46.799999	90.278	-31.5917
47.500000	90.204	-31.9816
48.200001	90.128	-32.3507
48.700001	90.074	-32.5998
49.400002	89.999	-32.9309
50.000000	89.936	-33.2080
50.799999	89.853	-33.5860
51.500000	89.779	-33.9278
52.200001	89.705	-34.2680
53.000000	89.620	-34.6390
53.799999	89.536	-34.9848
54.500000	89.462	-35.2687
55.200001	89.389	-35.5410
56.000000	89.305	-35.8468
57.000000	89.202	-36.2249
58.000000	89.098	-36.5927
59.000000	88.995	-36.9480
60.000000	88.893	-37.2905
60.799999	88.812	-37.5550
61.500000	88.742	-37.7796
62.200001	88.672	-37.9972
63.000000	88.592	-38.2360
64.000000	88.493	-38.5194
65.000000	88.394	-38.7880
66.000000	88.296	-39.0427
67.000000	88.200	-39.2869
68.000000	88.107	-39.5245
69.000000	88.014	-39.7543
70.000000	87.922	-39.9739
71.000000	87.830	-40.1833
72.000000	87.738	-40.3818
73.000000	87.648	-40.5680
74.000000	87.559	-40.7430
75.000000	87.471	-40.9116
76.199997	87.368	-41.1091
77.500000	87.260	-41.3104
78.800003	87.155	-41.4919
80.000000	87.058	-41.6431
81.199997	86.962	-41.7829
82.500000	86.858	-41.9307
83.800003	86.755	-42.0777
85.000000	86.661	-42.2063
86.199997	86.568	-42.3253
87.500000	86.469	-42.4503
88.500000	86.395	-42.5438
90.000000	86.282	-42.6611
91.199997	86.189	-42.7245
92.500000	86.087	-42.7783
93.800003	85.987	-42.8331
95.000000	85.896	-42.8826
96.199997	85.807	-42.9289
97.500000	85.713	-42.9761
98.800003	85.619	-43.0186
100.000000	85.534	-43.0515
101.500000	85.428	-43.0812
103.000000	85.324	-43.0956
104.400002	85.229	-43.0981
106.000000	85.123	-43.0941
107.500000	85.026	-43.0873
109.000000	84.932	-43.0778
110.599998	84.835	-43.0617
112.000000	84.751	-43.0405
113.800003	84.645	-43.0082
115.000000	84.575	-42.9873
117.199997	84.448	-42.9524
118.000000	84.402	-42.9376
120.599998	84.253	-42.8462
122.000000	84.173	-42.7646
124.099998	84.052	-42.6306
125.000000	84.001	-42.5756
126.500000	83.916	-42.4876
128.000000	83.831	-42.3991
131.500000	83.637	-42.1629
132.000000	83.609	-42.1251
134.000000	83.500	-41.9646
136.000000	83.393	-41.7908
138.000000	83.287	-41.6060
140.000000	83.183	-41.4127
143.000000	83.035	-41.1135
145.000000	82.941	-40.9112
147.500000	82.825	-40.6603
150.000000	82.712	-40.4148
152.500000	82.605	-40.1728
155.000000	82.506	-39.9314
157.500000	82.410	-39.6823
160.000000	82.313	-39.4019
162.500000	82.216	-39.0942
165.000000	82.123	-38.7684
167.500000	82.033	-38.4195
170.000000	81.946	-38.0464
172.500000	81.864	-37.6467
175.000000	81.788	-37.2257
177.500000	81.722	-36.8008
180.000000	81.666	-36.3889
182.500000	81.620	-36.0084
185.000000	81.582	-35.6758
187.500000	81.548	-35.4007
190.000000	81.512	-35.1848
192.500000	81.472	-35.0176
195.000000	81.424	-34.8851
197.500000	81.369	-34.7756
200.000000	81.308	-34.6738
203.000000	81.230	-34.5335
206.000000	81.148	-34.3570
209.000000	81.067	-34.1475
212.000000	80.987	-33.9126
214.000000	80.932	-33.7454
218.000000	80.825	-33.3920
220.000000	80.772	-33.2093
224.000000	80.667	-32.8356
227.000000	80.590	-32.5451
230.000000	80.515	-32.2406
233.000000	80.442	-31.9186
236.000000	80.370	-31.5809
240.000000	80.278	-31.1197
243.000000	80.211	-30.7710
247.000000	80.127	-30.3006
250.000000	80.068	-29.9418
254.000000	79.995	-29.4574
258.000000	79.929	-28.9805
262.000000	79.870	-28.5323
265.000000	79.828	-28.2194
269.000000	79.773	-27.8286
272.000000	79.731	-27.5545
276.000000	79.674	-27.2150
280.000000	79.615	-26.8891
285.000000	79.540	-26.4679
290.000000	79.464	-26.0275
295.000000	79.389	-25.5712
300.000000	79.315	-25.0937
304.000000	79.256	-24.7054
307.000000	79.212	-24.4150
311.000000	79.156	-24.0285
315.000000	79.103	-23.6392
320.000000	79.037	-23.1435
325.000000	78.973	-22.6379
330.000000	78.911	-22.1287
335.000000	78.852	-21.6171
340.000000	78.794	-21.1006
345.000000	78.740	-20.5797
350.000000	78.690	-20.0572
355.000000	78.645	-19.5391
360.000000	78.606	-19.0314
365.000000	78.568	-18.5397
370.000000	78.532	-18.0638
375.000000	78.496	-17.5968
382.000000	78.445	-16.9546
387.000000	78.410	-16.5041
395.000000	78.355	-15.7912
400.000000	78.321	-15.3438
406.000000	78.282	-14.7990
412.000000	78.246	-14.2486
418.000000	78.210	-13.6995
425.000000	78.172	-13.0707
431.000000	78.141	-12.5400
437.000000	78.113	-12.0096
444.000000	78.082	-11.3907
450.000000	78.057	-10.8584
455.000000	78.039	-10.4120
462.000000	78.014	-9.7888
468.000000	77.994	-9.2610
475.000000	77.971	-8.6540
482.000000	77.947	-8.0536
487.000000	77.930	-7.6254
494.000000	77.908	-7.0248
500.000000	77.892	-6.5110
508.000000	77.873	-5.8287
515.000000	77.857	-5.2328
522.000000	77.841	-4.6361
530.000000	77.822	-3.9555
538.000000	77.805	-3.2827
545.000000	77.794	-2.6991
552.000000	77.784	-2.1153
560.000000	77.773	-1.4466
570.000000	77.761	-0.6144
580.000000	77.752	0.2148
590.000000	77.746	1.0453
600.000000	77.743	1.8793
608.000000	77.745	2.5459
615.000000	77.750	3.1229
622.000000	77.759	3.6938
630.000000	77.771	4.3436
640.000000	77.790	5.1558
650.000000	77.811	5.9739
660.000000	77.834	6.7995
670.000000	77.859	7.6246
680.000000	77.885	8.4463
690.000000	77.910	9.2670
700.000000	77.937	10.0899
710.000000	77.966	10.9128
720.000000	77.998	11.7333
730.000000	78.033	12.5530
740.000000	78.070	13.3741
750.000000	78.109	14.2000
762.000000	78.159	15.2006
775.000000	78.215	16.2847
788.000000	78.275	17.3552
800.000000	78.332	18.3370
812.000000	78.391	19.3119
825.000000	78.458	20.3603
838.000000	78.526	21.4111
850.000000	78.589	22.4061
862.000000	78.656	23.4510
875.000000	78.738	24.6467
885.000000	78.811	25.5878
900.000000	78.941	26.9564
912.000000	79.056	27.9772
925.000000	79.185	29.0157
938.000000	79.313	30.0087
950.000000	79.430	30.8979
962.000000	79.544	31.7629
975.000000	79.667	32.6731
988.000000	79.789	33.5553
1000.000000	79.905	34.3416
1015.000000	80.053	35.2806
1030.000000	80.205	36.1674
1044.000000	80.350	36.9458
1060.000000	80.518	37.7748
1075.000000	80.674	38.4890
1090.000000	80.827	39.1383
1106.000000	80.986	39.7625
1120.000000	81.123	40.2568
1138.000000	81.297	40.8274
1150.000000	81.413	41.1688
1172.000000	81.621	41.7237
1180.000000	81.696	41.9067
1206.000000	81.939	42.4400
1220.000000	82.070	42.6881
1241.000000	82.267	43.0192
1250.000000	82.351	43.1502
1265.000000	82.489	43.3577
1280.000000	82.625	43.5545
1315.000000	82.935	43.9794
1320.000000	82.979	44.0365
1340.000000	83.155	44.2589
1360.000000	83.336	44.4764
1380.000000	83.523	44.6936
1400.000000	83.716	44.9096
1430.000000	84.007	45.2286
1450.000000	84.203	45.4406
1475.000000	84.450	45.7027
1500.000000	84.699	45.9590
1525.000000	84.950	46.2059
1550.000000	85.204	46.4357
1575.000000	85.462	46.6423
1600.000000	85.725	46.8196
1625.000000	85.994	46.9605
1650.000000	86.268	47.0590
1675.000000	86.549	47.1118
1700.000000	86.836	47.1138
1725.000000	87.127	47.0564
1750.000000	87.425	46.9302
1775.000000	87.727	46.7241
1800.000000	88.036	46.4272
1825.000000	88.350	46.0306
1850.000000	88.669	45.5254
1875.000000	88.992	44.9027
1900.000000	89.320	44.1523
1925.000000	89.653	43.2635
1950.000000	89.988	42.2267
1975.000000	90.322	41.0333
2000.000000	90.651	39.6758
2030.000000	91.033	37.8223
2060.000000	91.396	35.7197
2090.000000	91.733	33.3713
2120.000000	92.037	30.7895
2140.000000	92.218	28.9499
2180.000000	92.520	25.0319
2200.000000	92.638	22.9795
2240.000000	92.805	18.7659
2270.000000	92.867	15.5786
2300.000000	92.877	12.4352
2330.000000	92.836	9.3934
2360.000000	92.748	6.5030
2400.000000	92.566	2.9505
2430.000000	92.386	0.5470
2470.000000	92.101	-2.2810
2500.000000	91.863	-4.1150
2540.000000	91.524	-6.1874
2580.000000	91.173	-7.8564
2620.000000	90.819	-9.1555
2650.000000	90.557	-9.9100
2690.000000	90.214	-10.6523
2720.000000	89.964	-11.0309
2760.000000	89.643	-11.3266
2800.000000	89.337	-11.4124
2850.000000	88.979	-11.2674
2900.000000	88.649	-10.8882
2950.000000	88.348	-10.3121
3000.000000	88.075	-9.5705
3040.000000	87.877	-8.8780
3070.000000	87.739	-8.3082
3110.000000	87.571	-7.4887
3150.000000	87.418	-6.6086
3200.000000	87.248	-5.4352
3250.000000	87.101	-4.1894
3300.000000	86.975	-2.8751
3350.000000	86.872	-1.4941
3400.000000	86.793	-0.0521
3450.000000	86.738	1.4340
3500.000000	86.710	2.9366
3550.000000	86.708	4.4274
3600.000000	86.729	5.8859
3650.000000	86.772	7.3017
3700.000000	86.833	8.6708
3750.000000	86.912	9.9936
3820.000000	87.054	11.7628
3870.000000	87.178	12.9555
3950.000000	87.412	14.7102
4000.000000	87.574	15.6973
4060.000000	87.779	16.7771
4120.000000	87.991	17.7886
4180.000000	88.215	18.8088
4250.000000	88.514	20.0735
4310.000000	88.826	21.1746
4370.000000	89.202	22.1615
4440.000000	89.717	22.9798
4500.000000	90.210	23.2695
4550.000000	90.648	23.1594
4620.000000	91.289	22.3884
4680.000000	91.847	21.0811
4750.000000	92.485	18.7098
4820.000000	93.072	15.3556
4870.000000	93.438	12.3494
4940.000000	93.843	7.3513
5000.000000	94.067	2.4737
5080.000000	94.161	-4.5132
5150.000000	94.042	-10.6556
5220.000000	93.745	-16.4193
5300.000000	93.219	-22.1568
5380.000000	92.537	-26.7232
5450.000000	91.846	-29.6450
5520.000000	91.097	-31.4948
5600.000000	90.213	-32.2046
5700.000000	89.204	-31.1040
5800.000000	88.506	-29.1760
5900.000000	88.045	-28.3012
6000.000000	87.534	-28.0396
6080.000000	87.055	-27.4030
6150.000000	86.628	-26.3605
6220.000000	86.224	-24.9276
6300.000000	85.809	-22.9359
6400.000000	85.377	-20.0879
6500.000000	85.045	-16.9891
6600.000000	84.811	-13.7460
6700.000000	84.673	-10.4396
6800.000000	84.623	-7.1412
6900.000000	84.659	-3.9149
7000.000000	84.781	-0.8251
7100.000000	85.002	2.0501
7200.000000	85.334	4.6121
7300.000000	85.785	6.7348
7400.000000	86.363	8.2549
7500.000000	87.065	8.9458
7620.000000	88.047	8.2212
7750.000000	89.178	4.7131
7880.000000	90.170	-2.4763
8000.000000	90.736	-12.4317
8120.000000	90.797	-24.3461
8250.000000	90.229	-36.9087
8380.000000	89.093	-46.6411
8500.000000	87.711	-52.1934
8620.000000	86.196	-54.6954
8750.000000	84.577	-54.7608
8850.000000	83.424	-53.4704
9000.000000	81.904	-50.0588
9120.000000	80.874	-46.4549
9250.000000	79.930	-41.9579
9380.000000	79.146	-37.0281
9500.000000	78.548	-32.2028
9620.000000	78.054	-27.1807
9750.000000	77.624	-21.5705
9880.000000	77.296	-15.8287
10000.000000	77.082	-10.4430
10150.000000	76.942	-3.6280
10300.000000	76.954	3.2306
10440.000000	77.115	9.6046
10600.000000	77.496	16.7683
10750.000000	78.082	23.2563
10900.000000	78.943	29.3202
11060.000000	80.217	34.9029
11200.000000	81.630	38.4592
11380.000000	83.705	39.8308
11500.000000	85.082	37.6455
11720.000000	87.043	24.8344
11800.000000	87.437	17.4400
12060.000000	87.159	-9.4644
12200.000000	86.075	-20.4678
12410.000000	83.656	-28.3388
12500.000000	82.476	-28.9325
12650.000000	80.504	-27.3695
12800.000000	78.682	-23.7408
13150.000000	75.476	-11.6336
13200.000000	75.139	-9.7032
13400.000000	74.053	-1.7440
13600.000000	73.340	6.4270
13800.000000	72.972	14.6449
14000.000000	72.935	22.7934
14300.000000	73.495	34.6710
14500.000000	74.313	42.1189
14750.000000	75.901	50.3432
15000.000000	78.089	56.3237
15250.000000	80.603	58.1403
15500.000000	82.927	53.0170
15750.000000	84.475	39.3599
16000.000000	84.862	20.7168
16250.000000	84.127	4.6177
16500.000000	82.724	-4.6751
16750.000000	81.280	-8.6963
17000.000000	80.225	-11.3413
17250.000000	79.453	-15.0344
17500.000000	78.538	-18.5110
17750.000000	77.338	-18.1617
18000.000000	76.331	-13.2869
18250.000000	76.014	-9.1307
18500.000000	75.819	-10.0562
18750.000000	75.050	-12.8623
19000.000000	73.715	-12.9341
19250.000000	72.161	-9.5005
19500.000000	70.728	-4.1548
19750.000000	69.638	1.1281
