* Measurement data measured by REW V5.20.4
* Source: Input device not selected, no input selected, L, volume: no control
* Format: 256k Log Swept Sine, 1 sweep at -12,0 dBFS with no timing reference
* Dated: 2021-dec-30 18:45:33
* REW Settings:
*  C-weighting compensation: Off
*  Target level: 75.0 dB
* Note: stock tips M + stock cable 3.5mm  Left  stock filter + Tanchjim (tanya) filter
* Measurement: KZ BA10 Tanchjim filter L
* Smoothing: 1/12 octave
* Frequency Step: 1/48 octave
* Start Frequency: 20.300 Hz
*
* Freq(Hz)	SPL(dB)	Phase(degrees)
20.299999	92.120	-173.9670
20.600000	92.117	-174.1113
20.900000	92.111	-174.4194
21.200001	92.106	-174.7672
21.400000	92.104	-175.0078
21.799999	92.103	-175.5002
22.000000	92.104	-175.7472
22.400000	92.105	-176.2346
22.700001	92.106	-176.5849
23.000000	92.106	-176.9149
23.299999	92.107	-177.2257
23.600000	92.109	-177.5247
24.000000	92.114	-177.9232
24.299999	92.118	-178.2367
24.700001	92.122	-178.6824
25.000000	92.122	-179.0305
25.400000	92.119	-179.4906
25.799999	92.113	-179.9184
26.200001	92.106	179.6978
26.500000	92.101	179.4311
26.900000	92.094	179.0853
27.200001	92.085	178.8228
27.600000	92.069	178.4667
28.000000	92.046	178.1142
28.500000	92.017	177.6924
29.000000	91.998	177.2736
29.500000	91.993	176.8165
30.000000	91.996	176.3069
30.400000	91.996	175.8872
30.700001	91.994	175.5850
31.100000	91.988	175.2133
31.500000	91.982	174.8712
32.000000	91.975	174.4517
32.500000	91.970	174.0116
33.000000	91.964	173.5636
33.500000	91.955	173.1427
34.000000	91.948	172.7576
34.500000	91.941	172.3751
35.000000	91.930	171.9623
35.500000	91.915	171.5208
36.000000	91.901	171.0793
36.500000	91.894	170.6642
37.000000	91.892	170.3075
37.500000	91.887	170.0638
38.200001	91.872	170.0038
38.700001	91.866	170.0934
39.500000	91.876	169.9446
40.000000	91.879	169.4413
40.599998	91.856	168.5046
41.200001	91.808	167.5364
41.799999	91.761	166.7780
42.500000	91.733	166.1683
43.099998	91.722	165.7564
43.700001	91.710	165.3693
44.400002	91.693	164.9186
45.000000	91.679	164.5233
45.500000	91.670	164.1894
46.200001	91.658	163.7266
46.799999	91.645	163.3378
47.500000	91.626	162.8869
48.200001	91.604	162.4389
48.700001	91.588	162.1258
49.400002	91.568	161.7004
50.000000	91.552	161.3430
50.799999	91.528	160.8630
51.500000	91.504	160.4355
52.200001	91.478	160.0070
53.000000	91.451	159.5239
53.799999	91.426	159.0479
54.500000	91.404	158.6351
55.200001	91.381	158.2250
56.000000	91.353	157.7614
57.000000	91.317	157.1916
58.000000	91.281	156.6318
59.000000	91.246	156.0857
60.000000	91.212	155.5591
60.799999	91.186	155.1446
61.500000	91.163	154.7790
62.200001	91.138	154.4099
63.000000	91.110	153.9891
64.000000	91.074	153.4717
65.000000	91.038	152.9629
66.000000	91.003	152.4593
67.000000	90.967	151.9628
68.000000	90.932	151.4743
69.000000	90.896	150.9912
70.000000	90.861	150.5125
71.000000	90.825	150.0394
72.000000	90.790	149.5717
73.000000	90.754	149.1086
74.000000	90.719	148.6514
75.000000	90.684	148.2013
76.199997	90.644	147.6680
77.500000	90.601	147.0956
78.800003	90.560	146.5309
80.000000	90.521	146.0178
81.199997	90.483	145.5125
82.500000	90.441	144.9730
83.800003	90.399	144.4409
85.000000	90.359	143.9560
86.199997	90.318	143.4789
87.500000	90.271	142.9746
88.500000	90.234	142.5945
90.000000	90.179	142.0249
91.199997	90.137	141.5618
92.500000	90.092	141.0601
93.800003	90.047	140.5671
95.000000	90.006	140.1191
96.199997	89.964	139.6753
97.500000	89.919	139.1972
98.800003	89.873	138.7214
100.000000	89.831	138.2868
101.500000	89.778	137.7519
103.000000	89.725	137.2239
104.400002	89.675	136.7364
106.000000	89.618	136.1870
107.500000	89.566	135.6794
109.000000	89.516	135.1780
110.599998	89.464	134.6498
112.000000	89.419	134.1951
113.800003	89.361	133.6230
115.000000	89.322	133.2500
117.199997	89.249	132.5867
118.000000	89.222	132.3513
120.599998	89.130	131.5892
122.000000	89.078	131.1787
124.099998	88.999	130.5854
125.000000	88.964	130.3438
126.500000	88.906	129.9595
128.000000	88.847	129.5988
131.500000	88.711	128.8620
132.000000	88.693	128.7707
134.000000	88.622	128.4452
136.000000	88.560	128.1790
138.000000	88.513	127.9452
140.000000	88.486	127.6907
143.000000	88.477	127.1304
145.000000	88.477	126.5797
147.500000	88.465	125.7153
150.000000	88.431	124.7506
152.500000	88.378	123.7859
155.000000	88.313	122.8856
157.500000	88.242	122.0637
160.000000	88.169	121.3058
162.500000	88.095	120.5997
165.000000	88.024	119.9327
167.500000	87.956	119.2888
170.000000	87.893	118.6544
172.500000	87.832	118.0216
175.000000	87.773	117.3833
177.500000	87.712	116.7358
180.000000	87.650	116.0851
182.500000	87.583	115.4433
185.000000	87.512	114.8248
187.500000	87.439	114.2453
190.000000	87.368	113.7139
192.500000	87.302	113.2161
195.000000	87.244	112.7070
197.500000	87.189	112.1494
200.000000	87.130	111.5534
203.000000	87.053	110.8369
206.000000	86.970	110.1520
209.000000	86.886	109.5011
212.000000	86.802	108.8738
214.000000	86.747	108.4651
218.000000	86.639	107.6683
220.000000	86.585	107.2792
224.000000	86.479	106.5174
227.000000	86.400	105.9582
230.000000	86.323	105.4066
233.000000	86.247	104.8613
236.000000	86.171	104.3224
240.000000	86.071	103.6145
243.000000	85.998	103.0919
247.000000	85.900	102.4063
250.000000	85.829	101.9009
254.000000	85.734	101.2364
258.000000	85.641	100.5790
262.000000	85.550	99.9277
265.000000	85.483	99.4425
269.000000	85.395	98.8008
272.000000	85.330	98.3240
276.000000	85.243	97.6926
280.000000	85.158	97.0656
285.000000	85.051	96.2909
290.000000	84.944	95.5290
295.000000	84.838	94.7867
300.000000	84.732	94.0677
304.000000	84.649	93.5080
307.000000	84.587	93.0963
311.000000	84.505	92.5581
315.000000	84.426	92.0315
320.000000	84.329	91.3862
325.000000	84.234	90.7477
330.000000	84.141	90.1104
335.000000	84.047	89.4777
340.000000	83.953	88.8602
345.000000	83.860	88.2630
350.000000	83.769	87.6829
355.000000	83.680	87.1156
360.000000	83.593	86.5592
365.000000	83.507	86.0133
370.000000	83.423	85.4782
375.000000	83.340	84.9525
382.000000	83.227	84.2290
387.000000	83.148	83.7226
395.000000	83.025	82.9310
400.000000	82.950	82.4468
406.000000	82.862	81.8762
412.000000	82.775	81.3159
418.000000	82.689	80.7670
425.000000	82.592	80.1448
431.000000	82.512	79.6290
437.000000	82.435	79.1277
444.000000	82.346	78.5561
450.000000	82.272	78.0748
455.000000	82.212	77.6809
462.000000	82.128	77.1430
468.000000	82.057	76.6934
475.000000	81.976	76.1783
482.000000	81.895	75.6736
487.000000	81.838	75.3211
494.000000	81.758	74.8398
500.000000	81.691	74.4395
508.000000	81.603	73.9242
515.000000	81.528	73.4898
522.000000	81.455	73.0683
530.000000	81.372	72.6006
538.000000	81.292	72.1468
545.000000	81.223	71.7615
552.000000	81.155	71.3889
560.000000	81.080	70.9803
570.000000	80.989	70.4946
580.000000	80.902	70.0331
590.000000	80.817	69.5934
600.000000	80.738	69.1756
608.000000	80.679	68.8575
615.000000	80.632	68.5909
622.000000	80.587	68.3356
630.000000	80.538	68.0577
640.000000	80.481	67.7295
650.000000	80.428	67.4236
660.000000	80.377	67.1418
670.000000	80.327	66.8813
680.000000	80.279	66.6399
690.000000	80.232	66.4197
700.000000	80.187	66.2228
710.000000	80.146	66.0485
720.000000	80.108	65.8942
730.000000	80.072	65.7574
740.000000	80.038	65.6380
750.000000	80.006	65.5383
762.000000	79.972	65.4468
775.000000	79.938	65.3815
788.000000	79.910	65.3491
800.000000	79.888	65.3438
812.000000	79.871	65.3593
825.000000	79.858	65.3976
838.000000	79.850	65.4594
850.000000	79.848	65.5405
862.000000	79.851	65.6440
875.000000	79.861	65.7773
885.000000	79.872	65.8902
900.000000	79.898	66.0689
912.000000	79.924	66.2172
925.000000	79.957	66.3815
938.000000	79.996	66.5489
950.000000	80.035	66.7035
962.000000	80.075	66.8539
975.000000	80.119	67.0086
988.000000	80.163	67.1525
1000.000000	80.207	67.2728
1015.000000	80.267	67.4003
1030.000000	80.333	67.4946
1044.000000	80.400	67.5491
1060.000000	80.480	67.5706
1075.000000	80.556	67.5474
1090.000000	80.631	67.4803
1106.000000	80.710	67.3640
1120.000000	80.777	67.2262
1138.000000	80.864	66.9975
1150.000000	80.921	66.8143
1172.000000	81.023	66.4248
1180.000000	81.060	66.2680
1206.000000	81.179	65.7144
1220.000000	81.244	65.3941
1241.000000	81.342	64.8929
1250.000000	81.384	64.6724
1265.000000	81.451	64.2997
1280.000000	81.516	63.9234
1315.000000	81.658	63.0497
1320.000000	81.677	62.9268
1340.000000	81.755	62.4452
1360.000000	81.837	61.9860
1380.000000	81.924	61.5512
1400.000000	82.015	61.1387
1430.000000	82.153	60.5608
1450.000000	82.245	60.2052
1475.000000	82.359	59.7981
1500.000000	82.474	59.4271
1525.000000	82.588	59.0852
1550.000000	82.701	58.7717
1575.000000	82.816	58.4842
1600.000000	82.933	58.2195
1625.000000	83.053	57.9732
1650.000000	83.177	57.7408
1675.000000	83.305	57.5194
1700.000000	83.435	57.3041
1725.000000	83.567	57.0921
1750.000000	83.702	56.8841
1775.000000	83.841	56.6775
1800.000000	83.983	56.4684
1825.000000	84.130	56.2543
1850.000000	84.282	56.0315
1875.000000	84.439	55.7980
1900.000000	84.603	55.5529
1925.000000	84.774	55.2944
1950.000000	84.953	55.0205
1975.000000	85.139	54.7296
2000.000000	85.330	54.4191
2030.000000	85.568	54.0165
2060.000000	85.813	53.5781
2090.000000	86.067	53.0979
2120.000000	86.328	52.5636
2140.000000	86.508	52.1697
2180.000000	86.878	51.2664
2200.000000	87.067	50.7452
2240.000000	87.451	49.5410
2270.000000	87.741	48.4877
2300.000000	88.029	47.3034
2330.000000	88.313	45.9881
2360.000000	88.591	44.5398
2400.000000	88.946	42.3972
2430.000000	89.196	40.6301
2470.000000	89.504	38.0611
2500.000000	89.713	35.9792
2540.000000	89.960	33.0114
2580.000000	90.168	29.8488
2620.000000	90.329	26.5255
2650.000000	90.418	23.9536
2690.000000	90.490	20.4583
2720.000000	90.508	17.8175
2760.000000	90.484	14.3199
2800.000000	90.406	10.9039
2850.000000	90.240	6.8265
2900.000000	90.008	3.0354
2950.000000	89.720	-0.4205
3000.000000	89.388	-3.5128
3040.000000	89.098	-5.7155
3070.000000	88.871	-7.2090
3110.000000	88.556	-8.9916
3150.000000	88.232	-10.5405
3200.000000	87.817	-12.1551
3250.000000	87.395	-13.4193
3300.000000	86.970	-14.3398
3350.000000	86.546	-14.9203
3400.000000	86.126	-15.1530
3450.000000	85.713	-15.0184
3500.000000	85.316	-14.4913
3550.000000	84.948	-13.5573
3600.000000	84.630	-12.2451
3650.000000	84.385	-10.6602
3700.000000	84.230	-8.9901
3750.000000	84.164	-7.4692
3820.000000	84.181	-5.9733
3870.000000	84.221	-5.4746
3950.000000	84.242	-5.4905
4000.000000	84.199	-5.7693
4060.000000	84.083	-6.1047
4120.000000	83.908	-6.2391
4180.000000	83.691	-6.0292
4250.000000	83.412	-5.2264
4310.000000	83.178	-3.9939
4370.000000	82.979	-2.2419
4440.000000	82.837	0.3780
4500.000000	82.831	2.9329
4550.000000	82.923	5.0826
4620.000000	83.194	7.7524
4680.000000	83.524	9.4052
4750.000000	83.950	10.3405
4820.000000	84.343	10.2211
4870.000000	84.572	9.6403
4940.000000	84.808	8.4374
5000.000000	84.941	7.2691
5080.000000	85.049	5.6918
5150.000000	85.095	4.2938
5220.000000	85.095	2.8470
5300.000000	85.029	1.1852
5380.000000	84.882	-0.3243
5450.000000	84.692	-1.3708
5520.000000	84.459	-2.0656
5600.000000	84.163	-2.3791
5700.000000	83.788	-2.0770
5800.000000	83.449	-1.1492
5900.000000	83.162	0.2164
6000.000000	82.928	1.9167
6080.000000	82.782	3.4909
6150.000000	82.687	4.9990
6220.000000	82.627	6.5983
6300.000000	82.604	8.4958
6400.000000	82.647	10.9042
6500.000000	82.771	13.2753
6600.000000	82.976	15.5305
6700.000000	83.259	17.5983
6800.000000	83.617	19.4044
6900.000000	84.048	20.8309
7000.000000	84.547	21.7120
7100.000000	85.104	21.8746
7200.000000	85.696	21.1456
7300.000000	86.289	19.3685
7400.000000	86.834	16.4609
7500.000000	87.283	12.4762
7620.000000	87.639	6.5965
7750.000000	87.768	-0.4084
7880.000000	87.645	-7.2236
8000.000000	87.358	-12.8260
8120.000000	86.967	-17.6099
8250.000000	86.489	-22.0182
8380.000000	85.989	-25.9564
8500.000000	85.508	-29.4376
8620.000000	84.982	-32.8484
8750.000000	84.323	-36.2794
8850.000000	83.732	-38.4480
9000.000000	82.713	-40.3509
9120.000000	81.830	-40.4246
9250.000000	80.886	-39.0904
9380.000000	80.034	-36.5925
9500.000000	79.375	-33.6275
9620.000000	78.851	-30.3635
9750.000000	78.422	-26.7490
9880.000000	78.114	-23.2102
10000.000000	77.925	-20.1161
10150.000000	77.804	-16.6456
10300.000000	77.787	-13.8196
10440.000000	77.827	-11.9288
10600.000000	77.885	-10.7620
10750.000000	77.894	-10.6007
10900.000000	77.812	-11.1436
11060.000000	77.599	-12.1586
11200.000000	77.301	-13.1507
11380.000000	76.768	-14.2201
11500.000000	76.327	-14.5954
11720.000000	75.382	-14.1917
11800.000000	75.011	-13.6450
12060.000000	73.800	-10.4290
12200.000000	73.190	-7.9327
12410.000000	72.394	-3.5579
12500.000000	72.107	-1.5620
12650.000000	71.706	1.7734
12800.000000	71.405	4.9539
13150.000000	71.043	10.7241
13200.000000	71.020	11.2674
13400.000000	70.960	12.5441
13600.000000	70.887	12.3145
13800.000000	70.719	10.7538
14000.000000	70.374	8.3985
14300.000000	69.405	5.3053
14500.000000	68.456	5.1014
14750.000000	67.099	8.7716
15000.000000	66.145	17.0206
15250.000000	66.290	24.9240
15500.000000	66.846	25.7437
15750.000000	66.870	20.3729
16000.000000	66.146	13.7120
16250.000000	64.627	11.0715
16500.000000	62.405	17.7620
16750.000000	60.115	35.3690
17000.000000	59.396	58.7891
17250.000000	60.894	78.8607
17500.000000	63.053	89.4406
17750.000000	64.890	90.4601
18000.000000	66.146	84.6007
18250.000000	66.748	74.7693
18500.000000	66.682	63.7938
18750.000000	65.970	54.4140
19000.000000	64.680	49.0391
19250.000000	63.014	48.5060
19500.000000	61.308	51.3856
19750.000000	59.924	55.1667
