* Measurement data measured by REW V5,19
* Source: Mikrofon (Xonar U7), MICROPHONE (Huvudvolym), L, volume: 0,300
* Format: 256k Log Swept Sine, 1 sweep at -12,0 dBFS  With no timing reference
* Dated: 2021-jul-22 16:06:25
* REW Settings:
*  C-weighting compensation: Off
*  Target level: 75.0 dB
* Note: Final Audio Type E (M) + Stock cable (3.5mm) micropore tape mod
* Measurement: SonyMDR-EX800STMOD
* Smoothing: 1/12 octave
* Frequency Step: 1/48 octave
* Start Frequency: 20.3 Hz
*
* Freq(Hz)	SPL(dB)	Phase(degrees)
20.291	85.684	38.586
20.586	85.694	38.433
20.885	85.722	38.091
21.189	85.754	37.682
21.497	85.785	37.236
21.810	85.815	36.769
22.127	85.843	36.286
22.449	85.869	35.785
22.776	85.893	35.265
23.107	85.917	34.725
23.443	85.940	34.166
23.784	85.964	33.593
24.130	85.989	33.007
24.481	86.015	32.413
24.837	86.042	31.816
25.198	86.071	31.218
25.565	86.100	30.625
25.937	86.129	30.042
26.314	86.157	29.471
26.697	86.184	28.917
27.085	86.210	28.380
27.479	86.235	27.858
27.879	86.257	27.351
28.284	86.277	26.852
28.696	86.295	26.360
29.113	86.311	25.871
29.537	86.325	25.380
29.966	86.337	24.885
30.402	86.349	24.384
30.844	86.360	23.876
31.293	86.370	23.361
31.748	86.380	22.839
32.210	86.391	22.313
32.678	86.401	21.784
33.154	86.413	21.253
33.636	86.425	20.723
34.125	86.437	20.199
34.621	86.449	19.682
35.125	86.460	19.177
35.636	86.470	18.685
36.154	86.478	18.207
36.680	86.485	17.743
37.214	86.489	17.289
37.755	86.491	16.841
38.304	86.490	16.400
38.861	86.486	15.970
39.427	86.482	15.553
40.000	86.482	15.132
40.582	86.487	14.680
41.172	86.492	14.179
41.771	86.495	13.639
42.379	86.494	13.091
42.995	86.492	12.561
43.620	86.492	12.056
44.255	86.493	11.575
44.898	86.497	11.112
45.552	86.500	10.667
46.214	86.504	10.235
46.886	86.507	9.812
47.568	86.508	9.385
48.260	86.506	8.947
48.962	86.499	8.502
49.674	86.486	8.061
50.397	86.472	7.633
51.130	86.457	7.214
51.874	86.444	6.797
52.628	86.432	6.377
53.394	86.421	5.953
54.170	86.411	5.526
54.958	86.400	5.100
55.758	86.388	4.680
56.569	86.375	4.270
57.391	86.360	3.873
58.226	86.344	3.488
59.073	86.328	3.109
59.932	86.311	2.727
60.804	86.295	2.337
61.688	86.276	1.936
62.586	86.256	1.532
63.496	86.235	1.131
64.420	86.212	0.740
65.357	86.190	0.362
66.307	86.168	-0.006
67.272	86.147	-0.369
68.250	86.127	-0.731
69.243	86.107	-1.095
70.250	86.086	-1.460
71.272	86.065	-1.825
72.309	86.043	-2.190
73.360	86.021	-2.553
74.427	85.998	-2.912
75.510	85.976	-3.267
76.608	85.953	-3.619
77.723	85.931	-3.969
78.853	85.909	-4.316
80.000	85.886	-4.661
81.164	85.862	-5.002
82.344	85.837	-5.338
83.542	85.812	-5.669
84.757	85.786	-5.995
85.990	85.758	-6.319
87.241	85.729	-6.641
88.510	85.699	-6.961
89.797	85.667	-7.275
91.103	85.636	-7.583
92.428	85.605	-7.889
93.773	85.574	-8.196
95.137	85.543	-8.503
96.520	85.512	-8.809
97.924	85.479	-9.116
99.349	85.444	-9.422
100.794	85.408	-9.729
102.260	85.370	-10.034
103.747	85.331	-10.334
105.256	85.290	-10.627
106.787	85.250	-10.910
108.340	85.210	-11.183
109.916	85.171	-11.443
111.515	85.133	-11.689
113.137	85.095	-11.921
114.783	85.057	-12.141
116.452	85.020	-12.352
118.146	84.982	-12.557
119.865	84.945	-12.761
121.608	84.906	-12.964
123.377	84.866	-13.171
125.171	84.825	-13.382
126.992	84.781	-13.593
128.839	84.734	-13.799
130.713	84.685	-13.991
132.615	84.632	-14.161
134.543	84.577	-14.298
136.500	84.522	-14.394
138.486	84.470	-14.446
140.500	84.423	-14.458
142.544	84.383	-14.444
144.617	84.352	-14.424
146.721	84.331	-14.425
148.855	84.319	-14.466
151.020	84.314	-14.561
153.217	84.312	-14.713
155.445	84.312	-14.916
157.706	84.309	-15.159
160.000	84.303	-15.435
162.327	84.292	-15.736
164.688	84.276	-16.056
167.084	84.255	-16.382
169.514	84.232	-16.700
171.980	84.205	-17.002
174.481	84.176	-17.289
177.019	84.143	-17.563
179.594	84.108	-17.826
182.206	84.070	-18.081
184.856	84.031	-18.330
187.545	83.990	-18.577
190.273	83.948	-18.821
193.041	83.903	-19.059
195.849	83.856	-19.286
198.697	83.809	-19.493
201.587	83.762	-19.682
204.520	83.716	-19.861
207.494	83.669	-20.038
210.512	83.622	-20.216
213.574	83.575	-20.394
216.681	83.526	-20.572
219.833	83.477	-20.751
223.030	83.427	-20.930
226.274	83.377	-21.111
229.565	83.326	-21.291
232.905	83.273	-21.470
236.292	83.219	-21.645
239.729	83.164	-21.815
243.216	83.109	-21.979
246.754	83.052	-22.135
250.343	82.995	-22.285
253.984	82.937	-22.429
257.678	82.877	-22.567
261.426	82.817	-22.701
265.229	82.757	-22.828
269.087	82.697	-22.949
273.001	82.639	-23.064
276.972	82.581	-23.173
281.000	82.524	-23.274
285.088	82.465	-23.367
289.234	82.405	-23.451
293.441	82.345	-23.531
297.710	82.284	-23.607
302.040	82.223	-23.676
306.433	82.161	-23.736
310.890	82.099	-23.789
315.412	82.037	-23.833
320.000	81.975	-23.870
324.655	81.912	-23.899
329.377	81.850	-23.922
334.168	81.786	-23.940
339.028	81.723	-23.952
343.959	81.659	-23.959
348.962	81.596	-23.959
354.038	81.533	-23.954
359.188	81.469	-23.940
364.412	81.406	-23.918
369.713	81.343	-23.889
375.090	81.280	-23.852
380.546	81.218	-23.806
386.081	81.157	-23.750
391.697	81.096	-23.685
397.395	81.035	-23.611
403.175	80.975	-23.529
409.039	80.914	-23.440
414.989	80.853	-23.342
421.025	80.793	-23.235
427.149	80.734	-23.118
433.362	80.676	-22.991
439.665	80.620	-22.858
446.060	80.566	-22.718
452.548	80.512	-22.570
459.131	80.458	-22.415
465.809	80.404	-22.252
472.584	80.350	-22.079
479.458	80.296	-21.893
486.432	80.241	-21.697
493.507	80.187	-21.491
500.686	80.132	-21.277
507.968	80.077	-21.053
515.357	80.023	-20.820
522.853	79.969	-20.576
530.458	79.915	-20.324
538.174	79.862	-20.062
546.002	79.811	-19.790
553.943	79.760	-19.508
562.001	79.710	-19.214
570.175	79.661	-18.908
578.469	79.613	-18.590
586.883	79.567	-18.262
595.419	79.523	-17.924
604.080	79.483	-17.575
612.866	79.447	-17.212
621.780	79.414	-16.835
630.824	79.384	-16.444
640.000	79.356	-16.040
649.309	79.329	-15.624
658.753	79.303	-15.197
668.335	79.278	-14.757
678.056	79.254	-14.301
687.919	79.231	-13.828
697.925	79.209	-13.335
708.076	79.188	-12.820
718.376	79.168	-12.281
728.825	79.149	-11.715
739.426	79.130	-11.117
750.181	79.111	-10.482
761.093	79.094	-9.799
772.163	79.079	-9.049
783.394	79.069	-8.209
794.789	79.069	-7.252
806.349	79.092	-6.166
818.078	79.155	-4.981
829.977	79.272	-3.812
842.050	79.444	-2.864
854.297	79.643	-2.352
866.724	79.820	-2.340
879.330	79.937	-2.654
892.120	79.984	-2.997
905.097	79.983	-3.139
918.262	79.961	-3.008
931.618	79.941	-2.649
945.169	79.933	-2.139
958.917	79.938	-1.548
972.864	79.953	-0.922
987.015	79.977	-0.288
1001.371	80.009	0.340
1015.937	80.048	0.952
1030.714	80.093	1.542
1045.706	80.141	2.108
1060.916	80.191	2.653
1076.347	80.241	3.185
1092.003	80.290	3.716
1107.887	80.337	4.263
1124.001	80.384	4.846
1140.350	80.438	5.490
1156.937	80.505	6.205
1173.765	80.596	6.986
1190.838	80.721	7.793
1208.159	80.886	8.553
1225.732	81.092	9.174
1243.561	81.329	9.569
1261.649	81.583	9.682
1280.000	81.837	9.503
1298.618	82.080	9.063
1317.507	82.304	8.417
1336.670	82.509	7.625
1356.113	82.697	6.734
1375.838	82.872	5.781
1395.850	83.034	4.785
1416.153	83.186	3.759
1436.751	83.327	2.708
1457.649	83.457	1.635
1478.851	83.576	0.542
1500.362	83.686	-0.573
1522.185	83.784	-1.710
1544.326	83.873	-2.874
1566.789	83.951	-4.069
1589.578	84.019	-5.297
1612.699	84.075	-6.557
1636.156	84.119	-7.846
1659.955	84.149	-9.157
1684.099	84.165	-10.482
1708.595	84.166	-11.815
1733.447	84.153	-13.147
1758.661	84.124	-14.472
1784.241	84.080	-15.782
1810.193	84.022	-17.071
1836.523	83.951	-18.330
1863.236	83.867	-19.553
1890.338	83.773	-20.733
1917.833	83.669	-21.864
1945.729	83.558	-22.941
1974.030	83.439	-23.960
2002.743	83.312	-24.918
2031.873	83.178	-25.813
2061.428	83.037	-26.641
2091.412	82.888	-27.402
2121.832	82.732	-28.093
2152.695	82.569	-28.715
2184.007	82.401	-29.267
2215.774	82.227	-29.750
2248.003	82.049	-30.165
2280.701	81.867	-30.514
2313.874	81.680	-30.798
2347.530	81.489	-31.020
2381.676	81.293	-31.180
2416.318	81.090	-31.279
2451.464	80.879	-31.317
2487.122	80.659	-31.290
2523.298	80.432	-31.196
2560.000	80.198	-31.029
2597.236	79.957	-30.779
2635.014	79.709	-30.437
2673.341	79.453	-29.989
2712.226	79.191	-29.417
2751.676	78.925	-28.702
2791.700	78.656	-27.827
2832.306	78.389	-26.776
2873.503	78.129	-25.545
2915.299	77.884	-24.142
2957.703	77.660	-22.597
3000.724	77.462	-20.959
3044.370	77.291	-19.291
3088.652	77.143	-17.648
3133.577	77.009	-16.056
3179.156	76.879	-14.500
3225.398	76.746	-12.941
3272.312	76.609	-11.327
3319.909	76.468	-9.620
3368.198	76.327	-7.792
3417.190	76.192	-5.833
3466.894	76.065	-3.737
3517.321	75.952	-1.501
3568.482	75.855	0.875
3620.387	75.780	3.385
3673.046	75.731	6.014
3726.472	75.715	8.738
3780.675	75.736	11.523
3835.666	75.794	14.334
3891.457	75.891	17.136
3948.060	76.022	19.901
4005.486	76.186	22.609
4063.747	76.379	25.247
4122.855	76.601	27.806
4182.824	76.849	30.282
4243.664	77.123	32.675
4305.390	77.423	34.988
4368.013	77.749	37.228
4431.547	78.105	39.402
4496.005	78.491	41.522
4561.401	78.916	43.609
4627.749	79.394	45.675
4695.061	79.945	47.681
4763.352	80.582	49.497
4832.637	81.300	50.931
4902.929	82.084	51.785
4974.244	82.912	51.888
5046.596	83.756	51.091
5120.000	84.585	49.254
5194.472	85.359	46.258
5270.027	86.033	42.044
5346.682	86.563	36.679
5424.451	86.907	30.405
5503.352	87.041	23.641
5583.399	86.956	16.920
5664.612	86.664	10.774
5747.006	86.196	5.613
5830.598	85.597	1.666
5915.406	84.916	-1.023
6001.447	84.203	-2.544
6088.740	83.502	-3.058
6177.303	82.844	-2.751
6267.154	82.252	-1.797
6358.312	81.742	-0.343
6450.796	81.319	1.484
6544.625	80.990	3.582
6639.818	80.756	5.862
6736.397	80.617	8.242
6834.380	80.574	10.638
6933.789	80.632	12.956
7034.643	80.798	15.082
7136.964	81.081	16.867
7240.773	81.486	18.120
7346.093	82.002	18.590
7452.944	82.601	17.976
7561.350	83.231	15.954
7671.332	83.820	12.250
7782.915	84.289	6.763
7896.120	84.557	-0.302
8010.971	84.563	-8.356
8127.493	84.274	-16.506
8245.711	83.692	-23.792
8365.647	82.856	-29.474
8487.328	81.835	-33.207
8610.779	80.717	-35.026
8736.026	79.596	-35.222
8863.095	78.554	-34.186
8992.011	77.649	-32.295
9122.803	76.911	-29.868
9255.497	76.351	-27.172
9390.121	75.969	-24.453
9526.704	75.762	-21.986
9665.273	75.714	-20.094
9805.857	75.792	-19.161
9948.487	75.940	-19.583
10093.191	76.075	-21.672
10240.000	76.103	-25.496
10388.944	75.931	-30.728
10540.055	75.490	-36.611
10693.363	74.743	-42.145
10848.902	73.693	-46.392
11006.703	72.377	-48.742
11166.799	70.852	-48.974
11329.224	69.191	-47.181
11494.012	67.469	-43.646
11661.195	65.759	-38.712
11830.812	64.120	-32.691
12002.895	62.593	-25.826
12177.480	61.202	-18.302
12354.606	59.960	-10.273
12534.309	58.879	-1.891
12716.624	57.969	6.671
12901.592	57.241	15.188
13089.250	56.696	23.425
13279.637	56.313	31.196
13472.794	56.061	38.427
13668.760	55.918	45.137
13867.577	55.873	51.365
14069.285	55.927	57.111
14273.928	56.078	62.302
14481.547	56.318	66.746
14692.186	56.615	70.096
14905.889	56.887	71.981
15122.700	56.999	72.472
15342.664	56.819	72.687
15565.829	56.297	74.806
15792.239	55.592	80.867
16021.942	55.154	90.898
16254.986	55.432	102.221
16491.422	56.284	111.079
16731.295	57.163	115.243
16974.656	57.692	115.240
17221.559	57.754	113.581
17472.053	57.418	112.981
17726.189	56.878	114.953
17984.021	56.417	119.441
18245.605	56.300	125.251
18510.994	56.617	130.660
18780.242	57.210	133.983
19053.408	57.813	134.172
19330.547	58.223	131.358
19611.715	58.381	126.985
19896.975	58.374	123.258
