* Measurement data measured by REW V5.20.13
* Source: Microfone (Qudelix-5K USB DAC/MIC 48KHz), MICROPHONE (Volume principal), L, volume: 0,500
* Format: 256k Log Swept Sine, 1 sweep at -3,0 dBFS with no timing reference
* Dated: 14/12/2022 19:36:22
* REW Settings:
*  C-weighting compensation: Off
*  Target level: 75.0 dB
* Note: 
* Measurement: CCA PLA13 R
* Smoothing: None
* Frequency Step: 1/48 octave
* Start Frequency: 20.000 Hz
*
* Freq(Hz)	SPL(dB)	Phase(degrees)
20.000000	98.530	-168.2617
20.299999	98.532	-169.0784
20.600000	98.517	-169.8649
20.900000	98.490	-170.5629
21.200001	98.464	-171.1536
21.400000	98.452	-171.5130
21.799999	98.442	-172.2283
22.000000	98.442	-172.6205
22.400000	98.440	-173.5139
22.700001	98.425	-174.2439
23.000000	98.395	-174.9533
23.299999	98.355	-175.5814
23.600000	98.317	-176.1126
24.000000	98.280	-176.7138
24.299999	98.269	-177.1652
24.700001	98.267	-177.8645
25.000000	98.263	-178.4773
25.400000	98.241	-179.3505
25.799999	98.200	179.8351
26.200001	98.152	179.1617
26.500000	98.122	178.7370
26.900000	98.094	178.2099
27.200001	98.079	177.7933
27.600000	98.060	177.1831
28.000000	98.033	176.5430
28.500000	97.989	175.7831
29.000000	97.943	175.0923
29.500000	97.899	174.4160
30.000000	97.850	173.7277
30.400000	97.812	173.2008
30.700001	97.781	172.8359
31.100000	97.744	172.3778
31.500000	97.713	171.9148
32.000000	97.673	171.2888
32.500000	97.625	170.6537
33.000000	97.573	170.0999
33.500000	97.533	169.6196
34.000000	97.508	169.0877
34.500000	97.484	168.4243
35.000000	97.442	167.7042
35.500000	97.384	167.0703
36.000000	97.329	166.5615
36.500000	97.284	166.1021
37.000000	97.244	165.6294
37.500000	97.201	165.1665
38.200001	97.141	164.5718
38.700001	97.100	164.1214
39.500000	97.013	163.3530
40.000000	96.946	162.9897
40.599998	96.883	162.6794
41.200001	96.847	162.2479
41.799999	96.795	161.5981
42.500000	96.698	160.9142
43.099998	96.616	160.6172
43.700001	96.574	160.3398
44.400002	96.537	159.7426
45.000000	96.475	159.1652
45.500000	96.416	158.8208
46.200001	96.359	158.4495
46.799999	96.327	158.0012
47.500000	96.263	157.3753
48.200001	96.178	156.9592
48.700001	96.133	156.8118
49.400002	96.102	156.5528
50.000000	96.075	156.1487
50.799999	96.000	155.6232
51.500000	95.937	155.3931
52.200001	95.908	155.0999
53.000000	95.859	154.4424
53.799999	95.752	153.8735
54.500000	95.664	153.6370
55.200001	95.605	153.3970
56.000000	95.545	152.9914
57.000000	95.465	152.4412
58.000000	95.390	151.9012
59.000000	95.322	151.3145
60.000000	95.228	150.7062
60.799999	95.145	150.3948
61.500000	95.078	150.1628
62.200001	94.999	149.9825
63.000000	94.917	150.0276
64.000000	94.884	149.9840
65.000000	94.815	149.4543
66.000000	94.708	149.2505
67.000000	94.650	148.9395
68.000000	94.537	148.5065
69.000000	94.450	148.5081
70.000000	94.415	148.1562
71.000000	94.320	147.6684
72.000000	94.226	147.4947
73.000000	94.155	147.2463
74.000000	94.069	147.0120
75.000000	94.004	146.8446
76.199997	93.918	146.4608
77.500000	93.818	146.2495
78.800003	93.715	145.9744
80.000000	93.636	145.8903
81.199997	93.536	145.5760
82.500000	93.438	145.4865
83.800003	93.313	145.1724
85.000000	93.247	145.2074
86.199997	93.175	144.6682
87.500000	93.066	144.5794
88.500000	93.024	144.3334
90.000000	92.872	144.2897
91.199997	92.867	144.4911
92.500000	92.767	144.1609
93.800003	92.756	144.3367
95.000000	92.646	143.5158
96.199997	92.518	143.8378
97.500000	92.452	143.4042
98.800003	92.332	143.5754
100.000000	92.293	143.1978
101.500000	92.125	143.5453
103.000000	92.135	143.4641
104.400002	91.983	143.2409
106.000000	91.880	143.3719
107.500000	91.812	143.4114
109.000000	91.762	142.9331
110.599998	91.692	142.9937
112.000000	91.619	142.9708
113.800003	91.518	143.1642
115.000000	91.345	143.0068
117.199997	91.224	142.5114
118.000000	91.110	142.4329
120.599998	90.631	142.3090
122.000000	90.998	142.8018
124.099998	90.997	143.5528
125.000000	90.984	142.4178
126.500000	90.771	143.5060
128.000000	90.815	144.3999
131.500000	90.820	144.0667
132.000000	90.741	143.6503
134.000000	90.541	144.3046
136.000000	90.543	144.4413
138.000000	90.335	144.3965
140.000000	90.163	143.9792
143.000000	90.185	144.1686
145.000000	90.150	142.9418
147.500000	90.021	144.7343
150.000000	89.923	144.8147
152.500000	89.606	144.9077
155.000000	89.544	144.3258
157.500000	89.850	142.8268
160.000000	89.584	144.6529
162.500000	89.429	145.7032
165.000000	89.397	145.1561
167.500000	89.372	145.1331
170.000000	89.230	146.0952
172.500000	89.214	145.8205
175.000000	89.158	145.7504
177.500000	89.060	145.7603
180.000000	89.000	146.1295
182.500000	88.880	146.2952
185.000000	88.796	146.4812
187.500000	88.724	146.5351
190.000000	88.700	146.7453
192.500000	88.614	147.0820
195.000000	88.515	146.8689
197.500000	88.458	147.0876
200.000000	88.367	147.5379
203.000000	88.290	147.7990
206.000000	88.208	148.0224
209.000000	88.112	148.2176
212.000000	88.042	148.5281
214.000000	87.972	148.6224
218.000000	87.856	149.1113
220.000000	87.789	149.4298
224.000000	87.687	149.6785
227.000000	87.651	149.5645
230.000000	87.551	149.9905
233.000000	87.491	150.5004
236.000000	87.389	150.9180
240.000000	87.342	151.6282
243.000000	87.300	151.5541
247.000000	87.182	152.4983
250.000000	87.190	152.8037
254.000000	86.986	152.7245
258.000000	86.924	153.6661
262.000000	87.047	155.8815
265.000000	86.959	155.0229
269.000000	86.918	156.1531
272.000000	86.802	156.0971
276.000000	86.824	156.1787
280.000000	86.845	156.2370
285.000000	86.744	155.7724
290.000000	86.782	156.6400
295.000000	86.552	156.9210
300.000000	86.610	157.0978
304.000000	86.468	157.7223
307.000000	86.421	157.9102
311.000000	86.479	158.1364
315.000000	86.366	158.6611
320.000000	86.287	158.7332
325.000000	86.216	159.4032
330.000000	86.152	159.8609
335.000000	86.134	160.5300
340.000000	86.068	161.1320
345.000000	86.006	161.4930
350.000000	85.934	162.0091
355.000000	85.865	161.7890
360.000000	85.887	162.6844
365.000000	85.837	163.1325
370.000000	85.821	163.8885
375.000000	85.794	163.8052
382.000000	85.631	165.0018
387.000000	85.640	165.4376
395.000000	85.584	165.7762
400.000000	85.556	166.5302
406.000000	85.475	166.9533
412.000000	85.434	167.3960
418.000000	85.381	167.8856
425.000000	85.375	168.5803
431.000000	85.305	169.2974
437.000000	85.274	169.6482
444.000000	85.245	170.3419
450.000000	85.224	171.0611
455.000000	85.191	171.3909
462.000000	85.151	172.0563
468.000000	85.115	172.6509
475.000000	85.082	173.4090
482.000000	85.084	173.9175
487.000000	85.033	174.0892
494.000000	85.042	174.6988
500.000000	85.001	175.4601
508.000000	84.964	176.2656
515.000000	84.957	176.5778
522.000000	84.890	177.4616
530.000000	84.927	177.9600
538.000000	84.874	178.3735
545.000000	84.864	179.3025
552.000000	84.817	179.5537
560.000000	84.823	-179.4980
570.000000	84.805	-178.6615
580.000000	84.801	-177.8809
590.000000	84.783	-177.0958
600.000000	84.753	-176.1846
608.000000	84.750	-175.4003
615.000000	84.744	-174.7821
622.000000	84.777	-174.3199
630.000000	84.784	-173.5286
640.000000	84.775	-172.8424
650.000000	84.752	-172.1821
660.000000	84.797	-171.2003
670.000000	84.826	-170.5047
680.000000	84.830	-170.1346
690.000000	84.829	-168.6728
700.000000	84.865	-167.9985
710.000000	84.837	-167.1712
720.000000	84.884	-166.2914
730.000000	84.877	-165.4451
740.000000	84.903	-164.9992
750.000000	84.983	-163.8477
762.000000	84.992	-163.3871
775.000000	85.032	-162.1281
788.000000	85.064	-161.1275
800.000000	85.113	-160.2783
812.000000	85.165	-159.5284
825.000000	85.220	-158.5157
838.000000	85.285	-157.6484
850.000000	85.301	-156.8268
862.000000	85.385	-156.1110
875.000000	85.475	-155.0937
885.000000	85.525	-154.2104
900.000000	85.570	-153.4989
912.000000	85.644	-152.8242
925.000000	85.773	-151.7780
938.000000	85.799	-151.0254
950.000000	85.905	-150.3710
962.000000	86.034	-149.6644
975.000000	86.078	-148.9435
988.000000	86.165	-148.3114
1000.000000	86.461	-147.9542
1015.000000	86.323	-146.8835
1030.000000	86.433	-146.3968
1044.000000	86.566	-145.6035
1060.000000	86.670	-145.0356
1075.000000	86.767	-144.3990
1090.000000	86.857	-143.8653
1106.000000	86.971	-143.5284
1120.000000	87.057	-142.8587
1138.000000	87.183	-142.3568
1150.000000	87.282	-141.9519
1172.000000	87.444	-141.2855
1180.000000	87.469	-141.0756
1206.000000	87.687	-140.3319
1220.000000	87.788	-139.8902
1241.000000	87.974	-139.3054
1250.000000	88.051	-139.3373
1265.000000	88.180	-138.9424
1280.000000	88.307	-138.6638
1315.000000	88.593	-137.9156
1320.000000	88.621	-137.9245
1340.000000	88.798	-137.5616
1360.000000	88.880	-137.5724
1380.000000	89.005	-137.3258
1400.000000	89.144	-136.8414
1430.000000	89.325	-136.4067
1450.000000	89.492	-135.7106
1475.000000	89.713	-135.2560
1500.000000	89.902	-134.4905
1525.000000	90.136	-134.1515
1550.000000	90.290	-133.7043
1575.000000	90.473	-133.5394
1600.000000	90.684	-133.1859
1625.000000	90.895	-132.9297
1650.000000	91.072	-132.5903
1675.000000	91.301	-132.4522
1700.000000	91.495	-132.2915
1725.000000	91.699	-132.2002
1750.000000	91.934	-132.1434
1775.000000	92.169	-132.0785
1800.000000	92.382	-132.2448
1825.000000	92.623	-132.4451
1850.000000	92.879	-132.7923
1875.000000	93.076	-133.2052
1900.000000	93.299	-133.6751
1925.000000	93.516	-134.5217
1950.000000	93.678	-135.2843
1975.000000	93.814	-135.9248
2000.000000	93.847	-136.4313
2030.000000	94.090	-136.6420
2060.000000	94.295	-136.8714
2090.000000	94.544	-137.1064
2120.000000	94.823	-137.5151
2140.000000	94.989	-138.1806
2180.000000	95.355	-139.3658
2200.000000	95.542	-140.0702
2240.000000	95.879	-141.5773
2270.000000	96.131	-143.0494
2300.000000	96.362	-144.7443
2330.000000	96.572	-146.5505
2360.000000	96.731	-148.5312
2400.000000	96.880	-151.2826
2430.000000	96.938	-153.1652
2470.000000	97.001	-155.3271
2500.000000	97.049	-156.7886
2540.000000	97.147	-158.9559
2580.000000	97.233	-161.2818
2620.000000	97.261	-163.7764
2650.000000	97.264	-165.6873
2690.000000	97.210	-168.3950
2720.000000	97.109	-170.4001
2760.000000	96.877	-172.7601
2800.000000	96.612	-174.1992
2850.000000	96.369	-174.9574
2900.000000	96.248	-176.0069
2950.000000	96.125	-177.2693
3000.000000	96.004	-178.6770
3040.000000	95.844	-179.5235
3070.000000	95.741	179.9207
3110.000000	95.625	179.0393
3150.000000	95.493	178.2853
3200.000000	95.363	177.3472
3250.000000	95.188	176.0676
3300.000000	94.955	174.8196
3350.000000	94.668	173.9323
3400.000000	94.387	173.9087
3450.000000	94.180	174.2310
3500.000000	94.021	174.2106
3550.000000	93.777	173.5015
3600.000000	93.514	173.8843
3650.000000	93.264	174.7362
3700.000000	93.092	176.1519
3750.000000	93.009	177.5658
3820.000000	92.977	179.0421
3870.000000	92.997	-179.9028
3950.000000	93.076	-178.9951
4000.000000	93.213	-178.4078
4060.000000	93.184	-178.8423
4120.000000	93.207	-178.9488
4180.000000	93.162	-178.8554
4250.000000	93.184	-178.3690
4310.000000	93.252	-178.1144
4370.000000	93.341	-178.2189
4440.000000	93.409	-178.6520
4500.000000	93.496	-179.3661
4550.000000	93.540	179.7830
4620.000000	93.586	178.2120
4680.000000	93.492	176.2780
4750.000000	93.270	174.2674
4820.000000	92.934	172.6624
4870.000000	92.666	172.2088
4940.000000	92.264	171.9464
5000.000000	91.970	172.3970
5080.000000	91.711	172.5256
5150.000000	91.406	172.6757
5220.000000	91.110	173.3778
5300.000000	90.887	174.6985
5380.000000	90.743	175.7127
5450.000000	90.596	175.6611
5520.000000	90.439	175.0916
5600.000000	90.031	174.7705
5700.000000	89.437	175.4268
5800.000000	88.717	177.6980
5900.000000	88.181	-178.6015
6000.000000	87.727	-174.5598
6080.000000	87.613	-170.4976
6150.000000	87.516	-167.4250
6220.000000	87.496	-164.6288
6300.000000	87.504	-160.9255
6400.000000	87.602	-156.8702
6500.000000	87.701	-153.0895
6600.000000	87.959	-149.4172
6700.000000	88.183	-146.2801
6800.000000	88.344	-142.8784
6900.000000	88.470	-138.9271
7000.000000	88.641	-134.6976
7100.000000	89.074	-129.9841
7200.000000	89.726	-125.0460
7300.000000	90.468	-122.4703
7400.000000	91.343	-120.5216
7500.000000	92.285	-119.5648
7620.000000	93.519	-120.0711
7750.000000	94.911	-123.5364
7880.000000	96.025	-130.9734
8000.000000	96.561	-140.3182
8120.000000	96.572	-148.8230
8250.000000	96.156	-156.5149
8380.000000	95.593	-162.2195
8500.000000	95.036	-166.5202
8620.000000	94.298	-169.8331
8750.000000	93.436	-172.1159
8850.000000	92.735	-172.7794
9000.000000	91.642	-172.1584
9120.000000	90.862	-168.2593
9250.000000	90.350	-163.1017
9380.000000	90.204	-157.7766
9500.000000	90.342	-153.4198
9620.000000	90.667	-149.0412
9750.000000	91.254	-145.4738
9880.000000	92.087	-144.0566
10000.000000	92.841	-144.7056
10150.000000	93.747	-148.1696
10300.000000	94.292	-153.5426
10440.000000	94.442	-158.8609
10600.000000	94.363	-164.5705
10750.000000	94.029	-169.3011
10900.000000	93.597	-173.2488
11060.000000	92.986	-176.6487
11200.000000	92.383	-178.4095
11380.000000	91.553	-179.0383
11500.000000	91.001	-178.2687
11720.000000	90.283	-176.4922
11800.000000	90.067	-175.6134
12060.000000	89.293	-170.9578
12200.000000	89.135	-168.8002
12410.000000	89.107	-164.3239
12500.000000	89.157	-163.1785
12650.000000	89.167	-161.7210
12800.000000	89.162	-160.5970
13150.000000	88.675	-156.7340
13200.000000	88.525	-155.5415
13400.000000	88.338	-148.1818
13600.000000	88.760	-138.9121
13800.000000	89.918	-130.7067
14000.000000	91.594	-125.7598
14300.000000	94.401	-128.7024
14500.000000	96.118	-136.7673
14750.000000	97.369	-151.5724
15000.000000	97.511	-167.5227
15250.000000	97.036	179.3828
15500.000000	96.249	168.6395
15750.000000	95.283	159.8215
16000.000000	94.328	153.9312
16250.000000	93.523	148.8969
16500.000000	92.887	143.8960
16750.000000	92.252	137.3946
17000.000000	91.600	129.6516
17250.000000	90.177	121.9702
17500.000000	88.758	115.5789
17750.000000	87.124	110.9211
18000.000000	85.400	110.0670
18250.000000	83.892	107.9353
18500.000000	82.281	108.2154
18750.000000	80.889	111.5789
19000.000000	79.855	115.0576
19250.000000	78.880	116.1091
19500.000000	78.079	116.8669
19750.000000	77.404	120.7415
