* Measurement data measured by REW V5.20.13
* Source: Microfone (Qudelix-5K USB DAC/MIC 48KHz), MICROPHONE (Volume principal), L, volume: 0,500
* Format: 256k Log Swept Sine, 1 sweep at -3,0 dBFS with no timing reference
* Dated: 12/04/2023 23:31:58
* REW Settings:
*  C-weighting compensation: Off
*  Target level: 75.0 dB
* Note: 
* Measurement: KBEAR NEON R
* Smoothing: None
* Frequency Step: 1/48 octave
* Start Frequency: 20.000 Hz
*
* Freq(Hz)	SPL(dB)	Phase(degrees)
20.000000	78.399	-87.4062
20.299999	78.501	-88.8828
20.600000	78.570	-90.3423
20.900000	78.612	-91.6611
21.200001	78.646	-92.7633
21.400000	78.674	-93.3897
21.799999	78.759	-94.4901
22.000000	78.817	-95.0292
22.400000	78.957	-96.2150
22.700001	79.068	-97.2339
23.000000	79.169	-98.3364
23.299999	79.258	-99.4583
23.600000	79.336	-100.5508
24.000000	79.432	-101.9236
24.299999	79.505	-102.9069
24.700001	79.605	-104.2126
25.000000	79.676	-105.2147
25.400000	79.756	-106.5630
25.799999	79.814	-107.8359
26.200001	79.860	-108.9353
26.500000	79.898	-109.6341
26.900000	79.967	-110.4628
27.200001	80.034	-111.0930
27.600000	80.137	-112.0509
28.000000	80.237	-113.1853
28.500000	80.329	-114.7442
29.000000	80.380	-116.2229
29.500000	80.414	-117.4701
30.000000	80.462	-118.5248
30.400000	80.525	-119.3372
30.700001	80.580	-119.9776
31.100000	80.655	-120.9008
31.500000	80.724	-121.8906
32.000000	80.789	-123.1444
32.500000	80.834	-124.2976
33.000000	80.876	-125.2759
33.500000	80.933	-126.1343
34.000000	81.006	-127.0252
34.500000	81.078	-128.0448
35.000000	81.128	-129.1317
35.500000	81.155	-130.1300
36.000000	81.177	-130.9611
36.500000	81.213	-131.6933
37.000000	81.262	-132.4494
37.500000	81.310	-133.2653
38.200001	81.363	-134.3972
38.700001	81.400	-135.1503
39.500000	81.475	-136.4014
40.000000	81.516	-137.2789
40.599998	81.544	-138.3567
41.200001	81.553	-139.3077
41.799999	81.566	-140.0908
42.500000	81.621	-140.9857
43.099998	81.670	-141.8999
43.700001	81.695	-142.8358
44.400002	81.717	-143.7176
45.000000	81.768	-144.3952
45.500000	81.825	-145.1107
46.200001	81.876	-146.3095
46.799999	81.884	-147.2047
47.500000	81.906	-147.9791
48.200001	81.955	-148.7697
48.700001	81.984	-149.3694
49.400002	82.019	-150.0951
50.000000	82.062	-150.7090
50.799999	82.104	-151.7017
51.500000	82.110	-152.4240
52.200001	82.144	-153.0096
53.000000	82.198	-153.9863
53.799999	82.207	-154.9461
54.500000	82.238	-155.6439
55.200001	82.272	-156.5635
56.000000	82.264	-157.3466
57.000000	82.361	-157.9902
58.000000	82.382	-159.1233
59.000000	82.475	-158.7382
60.000000	82.783	-160.5124
60.799999	82.659	-162.6820
61.500000	82.469	-162.7754
62.200001	82.480	-162.4484
63.000000	82.534	-163.1415
64.000000	82.501	-163.9534
65.000000	82.531	-164.8251
66.000000	82.513	-165.7936
67.000000	82.548	-166.4317
68.000000	82.594	-167.4140
69.000000	82.598	-168.2050
70.000000	82.621	-168.8087
71.000000	82.646	-169.5093
72.000000	82.654	-170.2083
73.000000	82.663	-170.9083
74.000000	82.670	-171.6387
75.000000	82.677	-172.3444
76.199997	82.698	-173.1543
77.500000	82.713	-174.0814
78.800003	82.738	-174.7441
80.000000	82.768	-175.6605
81.199997	82.753	-176.3558
82.500000	82.777	-177.0215
83.800003	82.811	-177.8894
85.000000	82.797	-178.6411
86.199997	82.821	-179.0947
87.500000	82.849	-179.8415
88.500000	82.861	179.5963
90.000000	82.846	178.7357
91.199997	82.853	178.1956
92.500000	82.883	177.4803
93.800003	82.888	176.6464
95.000000	82.904	176.1587
96.199997	82.916	175.4666
97.500000	82.924	175.0151
98.800003	82.936	174.2483
100.000000	82.921	173.7569
101.500000	82.939	172.9855
103.000000	82.938	172.2568
104.400002	82.955	171.6584
106.000000	82.978	170.8585
107.500000	82.969	170.3371
109.000000	82.992	169.6069
110.599998	82.987	168.9842
112.000000	82.997	168.3490
113.800003	83.026	167.4879
115.000000	83.035	167.0150
117.199997	83.032	166.3151
118.000000	83.062	165.9950
120.599998	83.066	165.4557
122.000000	83.081	164.3873
124.099998	83.075	163.5822
125.000000	83.062	163.2495
126.500000	83.081	162.7297
128.000000	83.097	162.2053
131.500000	83.062	160.7095
132.000000	83.055	160.5869
134.000000	83.102	159.8967
136.000000	83.132	159.2964
138.000000	83.105	158.6937
140.000000	83.063	158.0898
143.000000	83.074	156.8745
145.000000	83.088	156.4965
147.500000	83.152	155.7003
150.000000	83.090	154.6701
152.500000	83.103	153.9023
155.000000	83.110	153.2552
157.500000	83.134	152.4498
160.000000	83.125	151.8294
162.500000	83.093	151.1529
165.000000	83.091	150.4624
167.500000	83.123	149.6348
170.000000	83.152	149.0239
172.500000	83.149	148.1678
175.000000	83.139	147.3333
177.500000	83.132	146.8330
180.000000	83.162	146.0293
182.500000	83.133	145.3005
185.000000	83.142	144.6118
187.500000	83.179	144.0947
190.000000	83.179	143.4561
192.500000	83.155	142.9897
195.000000	83.147	142.3713
197.500000	83.128	141.5246
200.000000	83.167	141.0568
203.000000	83.119	140.3139
206.000000	83.134	139.8286
209.000000	83.086	138.9843
212.000000	83.085	138.3948
214.000000	83.098	137.7808
218.000000	83.096	137.0556
220.000000	83.060	136.5103
224.000000	82.941	135.4936
227.000000	83.019	135.2013
230.000000	83.036	134.5359
233.000000	82.995	133.9830
236.000000	82.970	133.2548
240.000000	82.935	133.4696
243.000000	82.916	132.3384
247.000000	82.852	131.5239
250.000000	82.891	131.1449
254.000000	82.172	130.7346
258.000000	82.689	129.9371
262.000000	82.890	126.6276
265.000000	82.852	129.4669
269.000000	82.573	129.7493
272.000000	82.868	129.6792
276.000000	82.881	129.8795
280.000000	83.174	130.0718
285.000000	83.373	129.9666
290.000000	83.505	128.4632
295.000000	83.656	127.1313
300.000000	83.621	125.9243
304.000000	83.718	124.3768
307.000000	83.786	123.3861
311.000000	83.857	122.5106
315.000000	83.892	121.4262
320.000000	83.886	119.6822
325.000000	83.937	118.0257
330.000000	83.897	116.4304
335.000000	83.833	115.9180
340.000000	83.755	114.7440
345.000000	83.771	113.7112
350.000000	83.719	112.7364
355.000000	83.699	111.8229
360.000000	83.696	111.0145
365.000000	83.700	110.1733
370.000000	83.657	109.3242
375.000000	83.668	108.5601
382.000000	83.623	107.3348
387.000000	83.607	106.8919
395.000000	83.601	105.6297
400.000000	83.598	104.7767
406.000000	83.592	103.9517
412.000000	83.591	103.1704
418.000000	83.577	102.3274
425.000000	83.562	101.3109
431.000000	83.560	100.4913
437.000000	83.567	99.7870
444.000000	83.555	98.7994
450.000000	83.535	97.9630
455.000000	83.550	97.3207
462.000000	83.540	96.4002
468.000000	83.551	95.6476
475.000000	83.539	94.8379
482.000000	83.520	93.9707
487.000000	83.540	93.3387
494.000000	83.529	92.4598
500.000000	83.545	91.7679
508.000000	83.541	90.7935
515.000000	83.525	89.9968
522.000000	83.530	89.2830
530.000000	83.519	88.3969
538.000000	83.507	87.4712
545.000000	83.522	86.6836
552.000000	83.524	85.9052
560.000000	83.511	85.0980
570.000000	83.541	84.0325
580.000000	83.525	83.0162
590.000000	83.526	82.0736
600.000000	83.541	81.0255
608.000000	83.551	80.2156
615.000000	83.549	79.6163
622.000000	83.570	78.8607
630.000000	83.579	78.2257
640.000000	83.589	77.2556
650.000000	83.609	76.3249
660.000000	83.625	75.7140
670.000000	83.647	74.5680
680.000000	83.650	73.6919
690.000000	83.675	72.9031
700.000000	83.696	72.0919
710.000000	83.717	71.2687
720.000000	83.732	70.4832
730.000000	83.773	69.7344
740.000000	83.807	68.9843
750.000000	83.834	68.2303
762.000000	83.856	67.2984
775.000000	83.890	66.3081
788.000000	83.939	65.4802
800.000000	83.974	64.6169
812.000000	84.012	63.7695
825.000000	84.067	62.8402
838.000000	84.111	62.0184
850.000000	84.171	61.1194
862.000000	84.225	60.3250
875.000000	84.299	59.4159
885.000000	84.333	58.7661
900.000000	84.383	57.7393
912.000000	84.475	56.8727
925.000000	84.536	56.0237
938.000000	84.621	55.1881
950.000000	84.698	54.4712
962.000000	84.785	53.5515
975.000000	84.854	52.6232
988.000000	84.931	51.6558
1000.000000	85.012	50.1286
1015.000000	85.112	49.7157
1030.000000	85.192	48.7083
1044.000000	85.279	47.4993
1060.000000	85.387	46.3448
1075.000000	85.477	45.1561
1090.000000	85.556	43.9290
1106.000000	85.647	42.7193
1120.000000	85.735	41.5614
1138.000000	85.842	40.1317
1150.000000	85.909	39.2148
1172.000000	86.038	37.2640
1180.000000	86.077	36.6117
1206.000000	86.212	34.4305
1220.000000	86.306	33.2860
1241.000000	86.431	31.5226
1250.000000	86.471	30.7366
1265.000000	86.565	29.4977
1280.000000	86.645	28.2174
1315.000000	86.841	25.5123
1320.000000	86.872	25.0314
1340.000000	86.966	23.4137
1360.000000	87.020	21.8642
1380.000000	87.113	20.0726
1400.000000	87.207	18.7013
1430.000000	87.341	16.4111
1450.000000	87.432	14.9534
1475.000000	87.523	13.1750
1500.000000	87.628	11.2202
1525.000000	87.722	9.5733
1550.000000	87.801	7.7806
1575.000000	87.875	6.0844
1600.000000	87.940	4.5048
1625.000000	87.997	2.9504
1650.000000	88.064	1.3690
1675.000000	88.141	-0.1979
1700.000000	88.206	-1.6669
1725.000000	88.266	-3.2174
1750.000000	88.335	-4.5161
1775.000000	88.410	-5.8834
1800.000000	88.480	-7.3308
1825.000000	88.555	-8.6920
1850.000000	88.635	-9.9274
1875.000000	88.699	-11.2887
1900.000000	88.775	-12.5770
1925.000000	88.850	-13.8488
1950.000000	88.937	-15.1146
1975.000000	89.017	-16.3392
2000.000000	89.139	-17.8679
2030.000000	89.197	-18.9854
2060.000000	89.288	-20.4916
2090.000000	89.388	-21.8665
2120.000000	89.488	-22.9985
2140.000000	89.565	-24.1340
2180.000000	89.715	-25.9883
2200.000000	89.779	-26.8833
2240.000000	89.918	-28.6276
2270.000000	90.024	-29.9917
2300.000000	90.131	-31.3083
2330.000000	90.237	-32.5569
2360.000000	90.343	-33.8974
2400.000000	90.495	-35.5825
2430.000000	90.619	-36.8036
2470.000000	90.781	-38.5831
2500.000000	90.900	-39.9175
2540.000000	91.079	-41.6755
2580.000000	91.242	-43.5479
2620.000000	91.400	-45.5166
2650.000000	91.518	-46.9070
2690.000000	91.668	-48.8937
2720.000000	91.774	-50.3572
2760.000000	91.916	-52.3817
2800.000000	92.046	-54.4310
2850.000000	92.201	-57.1244
2900.000000	92.335	-59.8770
2950.000000	92.455	-62.6844
3000.000000	92.530	-65.8067
3040.000000	92.616	-68.0145
3070.000000	92.653	-69.8198
3110.000000	92.674	-72.3096
3150.000000	92.669	-74.7875
3200.000000	92.621	-77.8201
3250.000000	92.542	-80.8483
3300.000000	92.418	-83.7632
3350.000000	92.262	-86.5849
3400.000000	92.058	-89.1532
3450.000000	91.824	-91.6089
3500.000000	91.570	-93.9326
3550.000000	91.309	-95.8987
3600.000000	91.011	-97.6606
3650.000000	90.710	-99.1434
3700.000000	90.386	-100.4657
3750.000000	90.069	-101.5428
3820.000000	89.602	-102.5554
3870.000000	89.258	-103.0939
3950.000000	88.700	-103.4828
4000.000000	88.415	-103.2299
4060.000000	87.970	-103.1172
4120.000000	87.600	-102.5739
4180.000000	87.224	-101.7417
4250.000000	86.816	-100.6698
4310.000000	86.464	-99.2318
4370.000000	86.119	-97.9505
4440.000000	85.851	-96.5016
4500.000000	85.401	-94.1733
4550.000000	85.153	-92.6316
4620.000000	84.844	-90.2380
4680.000000	84.572	-88.1412
4750.000000	84.313	-85.5146
4820.000000	84.027	-82.8893
4870.000000	83.856	-80.6726
4940.000000	83.606	-77.6942
5000.000000	83.425	-75.5087
5080.000000	83.199	-71.3213
5150.000000	83.022	-67.9657
5220.000000	82.884	-64.6675
5300.000000	82.721	-60.6216
5380.000000	82.607	-56.4674
5450.000000	82.632	-52.0422
5520.000000	82.498	-49.1175
5600.000000	82.457	-45.0153
5700.000000	82.420	-39.5532
5800.000000	82.417	-34.2252
5900.000000	82.411	-28.3943
6000.000000	82.484	-22.5718
6080.000000	82.505	-17.9552
6150.000000	82.618	-13.3867
6220.000000	82.771	-8.9163
6300.000000	82.981	-3.8082
6400.000000	83.278	2.6266
6500.000000	83.620	8.8886
6600.000000	84.048	15.2491
6700.000000	84.551	21.1749
6800.000000	85.094	27.2815
6900.000000	85.664	32.6979
7000.000000	86.245	38.0663
7100.000000	86.905	43.0269
7200.000000	87.612	47.5086
7300.000000	88.445	51.2090
7400.000000	89.289	54.5266
7500.000000	90.230	57.0497
7620.000000	91.531	58.1239
7750.000000	93.012	56.1460
7880.000000	94.448	49.9912
8000.000000	95.361	39.1542
8120.000000	95.372	24.4733
8250.000000	93.970	9.2909
8380.000000	91.565	-0.2289
8500.000000	88.944	-2.8666
8620.000000	86.804	0.6464
8750.000000	84.448	3.1145
8850.000000	82.670	7.6548
9000.000000	80.218	17.6733
9120.000000	78.200	25.9120
9250.000000	76.212	36.5397
9380.000000	74.369	49.1609
9500.000000	72.854	60.0618
9620.000000	71.496	73.5973
9750.000000	70.035	87.9228
9880.000000	68.749	104.9360
10000.000000	67.938	115.4342
10150.000000	66.395	136.3889
10300.000000	66.043	155.4037
10440.000000	65.332	171.2294
10600.000000	64.758	-169.3518
10750.000000	63.751	-151.5997
10900.000000	63.119	-134.9872
11060.000000	62.642	-115.3223
11200.000000	62.454	-99.6516
11380.000000	61.690	-78.6879
11500.000000	62.488	-60.8737
11720.000000	61.663	-39.6609
11800.000000	61.621	-30.5882
12060.000000	61.125	0.0418
12200.000000	61.210	13.4948
12410.000000	61.625	38.9965
12500.000000	61.494	46.3902
12650.000000	61.675	67.7759
12800.000000	61.808	85.8842
13150.000000	62.355	123.6784
13200.000000	62.442	130.0339
13400.000000	62.513	154.2718
13600.000000	63.213	178.0912
13800.000000	63.634	-157.8300
14000.000000	64.362	-135.8303
14300.000000	65.735	-97.8915
14500.000000	66.929	-75.5969
14750.000000	68.404	-42.9783
15000.000000	70.472	-17.1323
15250.000000	72.954	6.3864
15500.000000	76.465	25.1246
15750.000000	80.557	27.0565
16000.000000	83.134	3.7299
16250.000000	80.151	-26.9363
16500.000000	73.871	-34.9060
16750.000000	67.538	-24.0200
17000.000000	62.305	-9.7781
17250.000000	58.373	19.0435
17500.000000	55.458	44.1871
17750.000000	50.863	76.0250
18000.000000	53.271	110.2020
18250.000000	45.581	142.3017
18500.000000	46.474	165.7322
18750.000000	46.621	-155.7847
19000.000000	48.125	-105.8016
19250.000000	45.637	-100.2406
19500.000000	47.908	-21.7083
19750.000000	40.596	-28.7629
