* Measurement data measured by REW V5.20.13
* Source: Microfone (Qudelix-5K USB DAC/MIC 48KHz), MICROPHONE (Volume principal), L, volume: 0,500
* Format: 256k Log Swept Sine, 1 sweep at -3,0 dBFS with no timing reference
* Dated: 08/01/2023 15:20:22
* REW Settings:
*  C-weighting compensation: Off
*  Target level: 75.0 dB
* Note: 
* Measurement: MOONDROP QUARKS DSP R
* Smoothing: None
* Frequency Step: 1/48 octave
* Start Frequency: 20.000 Hz
*
* Freq(Hz)	SPL(dB)	Phase(degrees)
20.000000	89.776	-150.2619
20.299999	89.788	-150.7625
20.600000	89.804	-151.2558
20.900000	89.823	-151.7529
21.200001	89.845	-152.2646
21.400000	89.859	-152.6127
21.799999	89.884	-153.3051
22.000000	89.894	-153.6359
22.400000	89.912	-154.2379
22.700001	89.928	-154.6325
23.000000	89.951	-154.9967
23.299999	89.979	-155.3660
23.600000	90.009	-155.7670
24.000000	90.045	-156.3646
24.299999	90.060	-156.8344
24.700001	90.063	-157.4213
25.000000	90.056	-157.7856
25.400000	90.045	-158.1503
25.799999	90.044	-158.4252
26.200001	90.056	-158.7001
26.500000	90.069	-158.9460
26.900000	90.083	-159.3329
27.200001	90.087	-159.6474
27.600000	90.088	-160.0665
28.000000	90.086	-160.4709
28.500000	90.086	-160.9774
29.000000	90.084	-161.5064
29.500000	90.076	-162.0240
30.000000	90.068	-162.4785
30.400000	90.073	-162.8026
30.700001	90.082	-163.0444
31.100000	90.097	-163.3926
31.500000	90.111	-163.7724
32.000000	90.119	-164.2497
32.500000	90.120	-164.6723
33.000000	90.124	-165.0385
33.500000	90.133	-165.4053
34.000000	90.137	-165.8147
34.500000	90.131	-166.2384
35.000000	90.116	-166.6160
35.500000	90.104	-166.9280
36.000000	90.100	-167.2244
36.500000	90.103	-167.5667
37.000000	90.103	-167.9634
37.500000	90.095	-168.3682
38.200001	90.077	-168.8782
38.700001	90.066	-169.2186
39.500000	90.048	-169.7798
40.000000	90.032	-170.1082
40.599998	90.013	-170.4416
41.200001	90.003	-170.7515
41.799999	89.996	-171.1060
42.500000	89.990	-171.5660
43.099998	89.975	-171.9252
43.700001	89.962	-172.2396
44.400002	89.952	-172.6169
45.000000	89.942	-172.9740
45.500000	89.931	-173.2677
46.200001	89.914	-173.6463
46.799999	89.902	-173.9612
47.500000	89.888	-174.3360
48.200001	89.876	-174.6940
48.700001	89.869	-174.9412
49.400002	89.857	-175.2961
50.000000	89.841	-175.5840
50.799999	89.822	-175.8964
51.500000	89.815	-176.1797
52.200001	89.805	-176.5386
53.000000	89.779	-176.9268
53.799999	89.756	-177.2527
54.500000	89.737	-177.5859
55.200001	89.707	-177.9099
56.000000	89.678	-178.2019
57.000000	89.648	-178.6158
58.000000	89.618	-178.9301
59.000000	89.620	-179.4593
60.000000	89.543	179.8619
60.799999	89.479	179.8009
61.500000	89.473	179.7399
62.200001	89.466	179.4454
63.000000	89.431	179.1614
64.000000	89.407	178.8746
65.000000	89.365	178.4576
66.000000	89.317	178.2009
67.000000	89.279	177.8917
68.000000	89.232	177.6085
69.000000	89.193	177.3135
70.000000	89.146	176.9771
71.000000	89.097	176.6910
72.000000	89.051	176.4095
73.000000	89.006	176.1279
74.000000	88.958	175.8269
75.000000	88.905	175.5671
76.199997	88.845	175.2737
77.500000	88.779	174.9807
78.800003	88.715	174.6492
80.000000	88.647	174.3544
81.199997	88.572	174.0658
82.500000	88.499	173.9044
83.800003	88.438	173.5341
85.000000	88.362	173.3110
86.199997	88.306	173.0227
87.500000	88.221	172.8239
88.500000	88.181	172.6989
90.000000	88.089	172.3444
91.199997	88.017	172.2044
92.500000	87.938	171.9668
93.800003	87.858	171.7684
95.000000	87.782	171.6071
96.199997	87.714	171.4399
97.500000	87.626	171.3197
98.800003	87.557	171.1785
100.000000	87.468	171.0304
101.500000	87.369	170.9488
103.000000	87.274	170.8335
104.400002	87.174	170.6906
106.000000	87.064	170.6473
107.500000	86.972	170.6185
109.000000	86.870	170.5490
110.599998	86.763	170.4754
112.000000	86.661	170.5048
113.800003	86.541	170.4528
115.000000	86.457	170.5104
117.199997	86.317	170.5263
118.000000	86.257	170.5414
120.599998	86.095	170.9939
122.000000	85.995	170.8602
124.099998	85.835	171.2169
125.000000	85.784	171.2294
126.500000	85.653	171.3643
128.000000	85.569	171.5403
131.500000	85.321	172.1729
132.000000	85.294	172.2638
134.000000	85.152	172.4979
136.000000	85.012	172.9296
138.000000	84.878	173.5005
140.000000	84.747	173.9498
143.000000	84.559	174.6625
145.000000	84.417	175.1910
147.500000	84.289	175.8608
150.000000	84.131	176.7301
152.500000	83.988	177.5839
155.000000	83.866	178.3895
157.500000	83.755	179.3026
160.000000	83.638	-179.6908
162.500000	83.544	-178.7850
165.000000	83.424	-177.9212
167.500000	83.321	-176.7602
170.000000	83.242	-175.9131
172.500000	83.151	-174.8948
175.000000	83.109	-173.8801
177.500000	83.046	-172.8811
180.000000	82.979	-171.9538
182.500000	82.918	-170.8175
185.000000	82.866	-169.9684
187.500000	82.837	-168.8695
190.000000	82.804	-168.0539
192.500000	82.748	-167.0223
195.000000	82.728	-166.0246
197.500000	82.701	-165.1332
200.000000	82.679	-164.3331
203.000000	82.666	-163.1855
206.000000	82.655	-162.1089
209.000000	82.635	-161.0410
212.000000	82.621	-160.1328
214.000000	82.636	-159.4122
218.000000	82.627	-158.1752
220.000000	82.613	-157.7771
224.000000	82.632	-156.4645
227.000000	82.645	-155.6317
230.000000	82.646	-154.7994
233.000000	82.666	-154.0148
236.000000	82.681	-153.1265
240.000000	82.721	-152.1686
243.000000	82.711	-151.3445
247.000000	82.732	-150.3876
250.000000	82.758	-149.5531
254.000000	82.775	-148.7886
258.000000	82.828	-147.8739
262.000000	82.838	-147.0726
265.000000	82.882	-146.4073
269.000000	82.900	-145.6385
272.000000	82.907	-144.9370
276.000000	82.948	-144.3691
280.000000	82.977	-143.5894
285.000000	83.019	-142.7255
290.000000	83.040	-141.8334
295.000000	83.077	-140.9641
300.000000	83.120	-140.3256
304.000000	83.147	-139.5041
307.000000	83.149	-139.1067
311.000000	83.166	-138.4029
315.000000	83.176	-137.9416
320.000000	83.220	-137.0603
325.000000	83.245	-136.2987
330.000000	83.249	-135.5186
335.000000	83.282	-134.7787
340.000000	83.306	-134.2057
345.000000	83.306	-133.4316
350.000000	83.324	-132.8003
355.000000	83.349	-132.1308
360.000000	83.353	-131.4584
365.000000	83.362	-130.8562
370.000000	83.365	-130.2505
375.000000	83.389	-129.7420
382.000000	83.400	-128.7769
387.000000	83.367	-128.1930
395.000000	83.384	-127.1156
400.000000	83.391	-126.6902
406.000000	83.385	-125.9667
412.000000	83.396	-125.1887
418.000000	83.403	-124.5804
425.000000	83.398	-123.6987
431.000000	83.400	-122.9039
437.000000	83.384	-122.2237
444.000000	83.391	-121.3683
450.000000	83.372	-120.6359
455.000000	83.378	-120.1115
462.000000	83.371	-119.2833
468.000000	83.369	-118.5744
475.000000	83.386	-117.7803
482.000000	83.365	-116.9590
487.000000	83.370	-116.2689
494.000000	83.345	-115.5163
500.000000	83.414	-114.8935
508.000000	83.340	-113.8677
515.000000	83.333	-113.0145
522.000000	83.348	-112.1112
530.000000	83.332	-111.2704
538.000000	83.321	-110.3145
545.000000	83.329	-109.4793
552.000000	83.302	-108.5454
560.000000	83.331	-107.6059
570.000000	83.314	-106.4109
580.000000	83.320	-104.9911
590.000000	83.309	-103.6268
600.000000	83.298	-102.6447
608.000000	83.325	-101.6997
615.000000	83.319	-100.7561
622.000000	83.321	-99.7490
630.000000	83.325	-98.8436
640.000000	83.358	-97.7224
650.000000	83.378	-96.5772
660.000000	83.378	-95.3984
670.000000	83.388	-94.1841
680.000000	83.388	-93.0496
690.000000	83.429	-91.6665
700.000000	83.453	-90.5119
710.000000	83.482	-89.1017
720.000000	83.508	-87.8050
730.000000	83.556	-86.2692
740.000000	83.545	-85.2527
750.000000	83.564	-83.9330
762.000000	83.622	-82.2871
775.000000	83.668	-80.5578
788.000000	83.732	-79.0720
800.000000	83.776	-77.4649
812.000000	83.831	-75.9190
825.000000	83.897	-74.2441
838.000000	83.960	-72.8132
850.000000	84.029	-71.3320
862.000000	84.084	-69.9837
875.000000	84.168	-68.3518
885.000000	84.240	-67.2471
900.000000	84.329	-65.4800
912.000000	84.398	-64.1459
925.000000	84.522	-62.7298
938.000000	84.609	-61.3283
950.000000	84.711	-60.2159
962.000000	84.798	-58.9664
975.000000	84.887	-57.5714
988.000000	85.018	-56.4081
1000.000000	85.139	-55.5951
1015.000000	85.227	-53.8932
1030.000000	85.342	-52.2951
1044.000000	85.493	-51.1605
1060.000000	85.624	-49.7111
1075.000000	85.763	-48.4923
1090.000000	85.884	-47.3746
1106.000000	86.024	-46.4265
1120.000000	86.145	-45.5110
1138.000000	86.288	-44.7833
1150.000000	86.382	-44.1807
1172.000000	86.539	-43.5538
1180.000000	86.574	-43.3209
1206.000000	86.627	-42.4000
1220.000000	86.663	-41.8165
1241.000000	86.701	-40.7024
1250.000000	86.725	-39.9630
1265.000000	86.764	-38.7665
1280.000000	86.823	-37.4175
1315.000000	87.077	-34.5694
1320.000000	87.116	-34.1296
1340.000000	87.266	-32.7831
1360.000000	87.355	-31.4688
1380.000000	87.526	-30.2384
1400.000000	87.673	-29.2341
1430.000000	87.882	-27.8360
1450.000000	88.018	-26.9798
1475.000000	88.188	-25.9486
1500.000000	88.394	-24.7169
1525.000000	88.522	-23.8532
1550.000000	88.658	-22.9462
1575.000000	88.806	-21.9381
1600.000000	88.945	-20.9167
1625.000000	89.075	-19.8564
1650.000000	89.203	-18.7818
1675.000000	89.338	-17.8216
1700.000000	89.444	-17.1282
1725.000000	89.575	-16.2983
1750.000000	89.713	-15.4031
1775.000000	89.828	-14.7286
1800.000000	89.929	-14.0143
1825.000000	90.049	-13.4301
1850.000000	90.180	-12.4731
1875.000000	90.321	-11.6176
1900.000000	90.435	-10.9602
1925.000000	90.579	-10.2077
1950.000000	90.704	-9.6134
1975.000000	90.843	-9.1427
2000.000000	90.922	-8.5388
2030.000000	91.133	-8.0086
2060.000000	91.320	-7.5462
2090.000000	91.481	-7.2855
2120.000000	91.614	-7.2033
2140.000000	91.697	-7.3855
2180.000000	91.925	-7.4000
2200.000000	92.017	-7.6459
2240.000000	92.177	-7.8939
2270.000000	92.297	-8.3564
2300.000000	92.412	-8.8055
2330.000000	92.521	-9.5193
2360.000000	92.596	-10.0726
2400.000000	92.685	-11.1207
2430.000000	92.719	-11.7972
2470.000000	92.761	-12.8433
2500.000000	92.743	-13.4268
2540.000000	92.731	-14.1719
2580.000000	92.651	-14.9135
2620.000000	92.515	-15.8750
2650.000000	92.392	-16.5093
2690.000000	92.165	-17.1911
2720.000000	92.025	-17.3414
2760.000000	91.783	-17.5335
2800.000000	91.521	-17.2538
2850.000000	91.232	-16.4403
2900.000000	90.959	-15.1968
2950.000000	90.776	-13.4585
3000.000000	90.697	-11.2630
3040.000000	90.665	-9.4894
3070.000000	90.642	-8.5432
3110.000000	90.638	-7.6678
3150.000000	90.654	-7.2342
3200.000000	90.623	-6.7646
3250.000000	90.603	-6.3722
3300.000000	90.511	-6.3309
3350.000000	90.391	-6.1701
3400.000000	90.246	-5.9627
3450.000000	90.104	-5.3455
3500.000000	89.927	-4.7710
3550.000000	89.766	-4.2566
3600.000000	89.607	-3.8137
3650.000000	89.441	-3.3738
3700.000000	89.291	-2.6191
3750.000000	89.157	-1.6099
3820.000000	88.927	-0.3823
3870.000000	88.787	0.5178
3950.000000	88.530	1.6857
4000.000000	88.418	2.6668
4060.000000	88.212	4.1655
4120.000000	88.026	5.7260
4180.000000	87.867	7.4669
4250.000000	87.633	9.4557
4310.000000	87.531	11.1196
4370.000000	87.335	12.9054
4440.000000	87.175	14.6412
4500.000000	87.009	15.6440
4550.000000	86.857	16.5741
4620.000000	86.701	18.3912
4680.000000	86.566	20.1376
4750.000000	86.440	21.9790
4820.000000	86.289	23.2591
4870.000000	86.196	23.9999
4940.000000	86.096	25.4876
5000.000000	85.941	26.5658
5080.000000	85.853	28.1853
5150.000000	85.789	29.3881
5220.000000	85.690	30.9349
5300.000000	85.636	32.6210
5380.000000	85.535	33.9081
5450.000000	85.529	35.4178
5520.000000	85.472	36.2605
5600.000000	85.487	37.1273
5700.000000	85.417	37.3090
5800.000000	85.359	37.8994
5900.000000	85.400	39.8223
6000.000000	85.428	40.7690
6080.000000	85.395	41.6017
6150.000000	85.447	42.3461
6220.000000	85.472	43.2463
6300.000000	85.582	43.7894
6400.000000	85.639	44.2842
6500.000000	85.695	44.9819
6600.000000	85.823	45.9600
6700.000000	85.979	47.0317
6800.000000	86.142	47.8904
6900.000000	86.261	48.7739
7000.000000	86.344	48.8888
7100.000000	86.477	49.0568
7200.000000	86.578	48.7933
7300.000000	86.768	48.4529
7400.000000	86.816	46.8008
7500.000000	86.920	45.6207
7620.000000	86.959	44.0181
7750.000000	86.975	42.1018
7880.000000	86.879	40.2527
8000.000000	86.752	39.6481
8120.000000	86.504	39.5268
8250.000000	86.274	38.2292
8380.000000	86.076	36.2418
8500.000000	85.923	35.4135
8620.000000	85.873	34.0767
8750.000000	85.827	31.9317
8850.000000	85.824	31.2214
9000.000000	85.897	29.6381
9120.000000	85.852	27.4375
9250.000000	85.887	25.1736
9380.000000	85.883	22.8177
9500.000000	85.729	19.9763
9620.000000	85.630	16.7129
9750.000000	85.371	13.4810
9880.000000	85.101	10.1638
10000.000000	84.727	8.1480
10150.000000	84.160	3.6204
10300.000000	83.568	-0.2202
10440.000000	82.996	-3.1911
10600.000000	82.265	-5.4826
10750.000000	81.632	-9.0680
10900.000000	80.954	-13.0550
11060.000000	80.273	-15.1758
11200.000000	79.800	-15.0107
11380.000000	79.071	-15.7818
11500.000000	78.576	-15.7783
11720.000000	78.071	-16.6264
11800.000000	77.718	-17.0463
12060.000000	76.877	-21.7018
12200.000000	76.560	-23.7677
12410.000000	75.977	-25.7628
12500.000000	75.760	-26.6084
12650.000000	75.413	-30.0199
12800.000000	75.128	-30.0486
13150.000000	74.786	-30.3825
13200.000000	74.672	-30.3528
13400.000000	74.352	-32.9564
13600.000000	74.389	-33.8024
13800.000000	74.080	-34.1020
14000.000000	73.707	-35.5860
14300.000000	73.836	-40.2336
14500.000000	73.736	-40.8242
14750.000000	73.704	-44.9716
15000.000000	73.903	-47.3207
15250.000000	73.859	-48.3923
15500.000000	74.108	-52.9094
15750.000000	74.463	-59.0177
16000.000000	74.846	-69.5226
16250.000000	75.105	-78.9576
16500.000000	75.144	-86.6427
16750.000000	75.100	-95.5650
17000.000000	74.791	-105.2237
17250.000000	74.158	-115.6361
17500.000000	73.575	-125.0107
17750.000000	72.776	-134.0522
18000.000000	71.889	-140.6220
18250.000000	71.587	-149.7197
18500.000000	70.687	-153.1426
18750.000000	69.906	-157.5036
19000.000000	69.386	-164.2429
19250.000000	69.395	-170.3534
19500.000000	68.620	-178.2169
19750.000000	68.657	177.3981
