* Measurement data measured by REW V5.20.13
* Source: Microfone (Qudelix-5K USB DAC/MIC 48KHz), MICROPHONE (Volume principal), L, volume: 1,000
* Format: 256k Log Swept Sine, 1 sweep at -3,0 dBFS with no timing reference
* Dated: 13/05/2023 23:58:49
* REW Settings:
*  C-weighting compensation: Off
*  Target level: 75.0 dB
* Note: 
* Measurement: SENNHEISER IE200 2 L
* Smoothing: None
* Frequency Step: 1/48 octave
* Start Frequency: 20.000 Hz
*
* Freq(Hz)	SPL(dB)	Phase(degrees)
20.000000	96.822	-174.3092
20.299999	96.792	-175.1700
20.600000	96.755	-176.0192
20.900000	96.712	-176.8368
21.200001	96.666	-177.6122
21.400000	96.636	-178.1093
21.799999	96.578	-179.0747
22.000000	96.550	-179.5508
22.400000	96.490	179.5039
22.700001	96.440	178.8208
23.000000	96.385	178.1951
23.299999	96.330	177.6555
23.600000	96.280	177.2049
24.000000	96.232	176.7034
24.299999	96.214	176.3358
24.700001	96.207	175.7648
25.000000	96.205	175.2394
25.400000	96.192	174.4227
25.799999	96.155	173.5559
26.200001	96.095	172.7441
26.500000	96.040	172.2150
26.900000	95.962	171.6270
27.200001	95.905	171.2520
27.600000	95.840	170.7872
28.000000	95.783	170.2987
28.500000	95.712	169.6058
29.000000	95.629	168.8624
29.500000	95.533	168.1639
30.000000	95.439	167.5616
30.400000	95.379	167.1183
30.700001	95.340	166.7794
31.100000	95.292	166.2992
31.500000	95.245	165.7987
32.000000	95.185	165.1919
32.500000	95.130	164.6280
33.000000	95.084	164.0644
33.500000	95.037	163.4604
34.000000	94.977	162.8508
34.500000	94.905	162.3217
35.000000	94.832	161.9150
35.500000	94.767	161.5920
36.000000	94.711	161.2796
36.500000	94.658	160.9372
37.000000	94.602	160.5652
37.500000	94.541	160.1798
38.200001	94.443	159.6419
38.700001	94.367	159.2708
39.500000	94.247	158.6993
40.000000	94.174	158.3355
40.599998	94.086	157.8795
41.200001	93.994	157.4305
41.799999	93.900	157.0421
42.500000	93.808	156.7040
43.099998	93.745	156.4745
43.700001	93.695	156.2244
44.400002	93.642	155.8619
45.000000	93.589	155.5245
45.500000	93.540	155.2630
46.200001	93.468	154.9486
46.799999	93.408	154.7170
47.500000	93.342	154.4530
48.200001	93.279	154.1585
48.700001	93.231	153.9367
49.400002	93.158	153.6512
50.000000	93.096	153.4473
50.799999	93.023	153.2231
51.500000	92.975	152.9951
52.200001	92.927	152.6248
53.000000	92.835	152.2331
53.799999	92.758	152.1892
54.500000	92.740	151.9824
55.200001	92.677	151.4525
56.000000	92.547	151.4374
57.000000	92.564	151.5778
58.000000	92.433	150.5365
59.000000	92.274	151.7569
60.000000	92.488	151.2340
60.799999	92.295	149.5679
61.500000	92.047	150.2926
62.200001	92.126	151.2422
63.000000	92.211	149.8201
64.000000	91.837	148.8985
65.000000	91.770	150.4890
66.000000	91.881	149.7446
67.000000	91.717	148.8848
68.000000	91.601	149.2486
69.000000	91.577	149.2209
70.000000	91.489	149.0675
71.000000	91.427	149.1759
72.000000	91.358	148.9528
73.000000	91.261	148.9672
74.000000	91.211	148.9272
75.000000	91.145	148.6916
76.199997	91.058	148.5292
77.500000	90.983	148.5667
78.800003	90.957	148.4407
80.000000	90.885	148.1465
81.199997	90.792	148.0630
82.500000	90.705	148.1772
83.800003	90.640	147.9973
85.000000	90.552	147.9230
86.199997	90.484	147.9503
87.500000	90.456	147.5231
88.500000	90.274	147.4907
90.000000	90.347	147.9335
91.199997	90.089	147.6870
92.500000	90.247	148.7463
93.800003	90.095	147.5641
95.000000	90.071	148.3271
96.199997	90.042	147.8872
97.500000	89.973	148.0340
98.800003	89.925	147.8669
100.000000	89.842	148.0433
101.500000	89.802	147.6085
103.000000	89.663	148.0373
104.400002	89.654	147.8479
106.000000	89.583	148.1687
107.500000	89.589	148.3964
109.000000	89.495	148.2982
110.599998	89.429	148.8326
112.000000	89.379	148.9033
113.800003	89.305	148.5454
115.000000	89.250	148.5994
117.199997	89.372	148.8874
118.000000	89.245	148.9089
120.599998	89.275	147.9818
122.000000	89.169	149.8842
124.099998	88.996	149.4959
125.000000	89.002	149.7420
126.500000	89.025	148.9263
128.000000	88.861	148.9716
131.500000	88.926	148.7534
132.000000	88.827	148.5272
134.000000	88.746	149.5269
136.000000	88.719	149.0077
138.000000	88.640	149.8106
140.000000	88.600	149.5645
143.000000	88.564	149.4176
145.000000	88.529	149.3021
147.500000	88.485	150.1196
150.000000	88.377	150.0479
152.500000	88.292	149.9475
155.000000	88.297	150.1403
157.500000	88.228	150.4745
160.000000	88.164	150.1772
162.500000	88.184	150.3109
165.000000	88.141	150.3545
167.500000	88.091	150.7119
170.000000	88.041	150.6946
172.500000	88.008	150.8210
175.000000	87.962	151.0769
177.500000	87.880	151.1793
180.000000	87.887	151.1702
182.500000	87.849	151.4363
185.000000	87.819	151.4665
187.500000	87.800	151.3986
190.000000	87.769	151.6657
192.500000	87.741	151.6613
195.000000	87.741	151.7379
197.500000	87.666	152.0435
200.000000	87.651	152.1061
203.000000	87.571	152.1414
206.000000	87.525	152.3403
209.000000	87.504	152.4984
212.000000	87.507	152.6412
214.000000	87.437	152.8159
218.000000	87.419	152.7622
220.000000	87.369	153.2102
224.000000	87.324	152.9561
227.000000	87.300	153.2582
230.000000	87.268	153.2043
233.000000	87.278	153.4630
236.000000	87.204	153.8332
240.000000	87.154	153.8010
243.000000	87.134	154.2192
247.000000	87.101	153.9399
250.000000	87.103	154.3124
254.000000	87.083	154.3609
258.000000	87.111	154.3131
262.000000	86.994	155.2234
265.000000	87.042	155.8894
269.000000	87.020	154.6030
272.000000	86.926	154.8716
276.000000	86.958	155.3400
280.000000	86.977	155.8585
285.000000	86.879	155.7276
290.000000	86.880	155.6300
295.000000	86.869	156.0287
300.000000	86.862	155.8592
304.000000	86.855	156.3023
307.000000	86.821	156.3669
311.000000	86.799	156.5296
315.000000	86.787	156.6086
320.000000	86.756	156.6565
325.000000	86.757	157.3253
330.000000	86.703	156.8212
335.000000	86.716	157.3976
340.000000	86.675	157.6064
345.000000	86.729	157.5648
350.000000	86.637	157.6571
355.000000	86.698	158.0689
360.000000	86.638	157.8997
365.000000	86.605	158.4143
370.000000	86.677	158.9122
375.000000	86.635	158.5341
382.000000	86.635	158.8241
387.000000	86.611	158.8084
395.000000	86.536	159.2374
400.000000	86.525	159.1553
406.000000	86.474	159.4405
412.000000	86.482	159.0760
418.000000	86.473	159.5714
425.000000	86.544	160.4444
431.000000	86.502	160.4333
437.000000	86.510	160.5076
444.000000	86.439	160.4746
450.000000	86.473	160.8670
455.000000	86.499	160.8716
462.000000	86.488	161.3440
468.000000	86.435	161.1750
475.000000	86.483	161.2218
482.000000	86.471	161.5350
487.000000	86.429	161.6082
494.000000	86.447	161.9174
500.000000	86.473	162.6542
508.000000	86.409	162.2177
515.000000	86.395	162.3258
522.000000	86.402	162.9483
530.000000	86.431	162.5799
538.000000	86.416	163.0661
545.000000	86.403	163.2669
552.000000	86.395	163.7731
560.000000	86.424	163.9592
570.000000	86.365	164.2431
580.000000	86.475	164.2296
590.000000	86.513	164.2652
600.000000	86.502	164.6794
608.000000	86.419	164.9320
615.000000	86.451	165.5640
622.000000	86.421	165.2396
630.000000	86.462	165.6431
640.000000	86.476	165.9349
650.000000	86.501	166.2870
660.000000	86.552	166.3450
670.000000	86.541	166.7855
680.000000	86.545	167.1438
690.000000	86.608	167.2983
700.000000	86.647	167.5974
710.000000	86.643	167.6970
720.000000	86.685	168.2490
730.000000	86.678	168.5226
740.000000	86.743	168.7013
750.000000	86.755	169.0341
762.000000	86.803	169.3443
775.000000	86.832	169.5960
788.000000	86.921	169.9133
800.000000	86.960	170.4258
812.000000	87.017	170.5293
825.000000	87.080	170.8939
838.000000	87.152	171.2349
850.000000	87.210	171.4183
862.000000	87.280	171.6104
875.000000	87.318	171.7549
885.000000	87.370	172.0325
900.000000	87.396	172.1339
912.000000	87.504	172.1779
925.000000	87.567	172.1996
938.000000	87.623	172.2758
950.000000	87.662	172.8202
962.000000	87.690	172.9348
975.000000	87.772	173.1758
988.000000	87.865	173.4379
1000.000000	88.068	173.9268
1015.000000	88.030	173.9510
1030.000000	88.127	174.1492
1044.000000	88.223	174.1552
1060.000000	88.383	174.3931
1075.000000	88.445	174.3050
1090.000000	88.551	174.4376
1106.000000	88.692	174.1791
1120.000000	88.766	174.0632
1138.000000	88.924	173.8313
1150.000000	88.988	173.7930
1172.000000	89.117	173.5244
1180.000000	89.173	173.2317
1206.000000	89.346	172.9160
1220.000000	89.460	172.7232
1241.000000	89.592	172.3353
1250.000000	89.650	172.0008
1265.000000	89.756	171.8019
1280.000000	89.844	171.4207
1315.000000	90.073	170.6736
1320.000000	90.094	170.5146
1340.000000	90.235	170.1287
1360.000000	90.289	169.6081
1380.000000	90.384	169.0651
1400.000000	90.525	168.7803
1430.000000	90.677	168.0529
1450.000000	90.767	167.5306
1475.000000	90.896	166.9251
1500.000000	91.037	166.6376
1525.000000	91.150	165.6944
1550.000000	91.224	165.3638
1575.000000	91.321	164.5518
1600.000000	91.417	164.0621
1625.000000	91.469	163.4902
1650.000000	91.565	162.9445
1675.000000	91.642	162.2575
1700.000000	91.717	161.7770
1725.000000	91.812	161.1666
1750.000000	91.882	160.6651
1775.000000	91.949	160.0418
1800.000000	92.040	159.3853
1825.000000	92.119	158.7446
1850.000000	92.188	158.1309
1875.000000	92.258	157.4431
1900.000000	92.344	156.7378
1925.000000	92.390	156.2467
1950.000000	92.461	155.4786
1975.000000	92.515	154.7014
2000.000000	92.484	154.6231
2030.000000	92.679	153.3447
2060.000000	92.739	152.4830
2090.000000	92.797	151.5366
2120.000000	92.856	150.7170
2140.000000	92.881	150.0550
2180.000000	92.961	148.8518
2200.000000	92.984	148.2714
2240.000000	93.039	147.1261
2270.000000	93.078	146.1525
2300.000000	93.119	145.2333
2330.000000	93.130	144.3937
2360.000000	93.166	143.5010
2400.000000	93.183	142.1819
2430.000000	93.203	141.2491
2470.000000	93.183	140.0497
2500.000000	93.182	139.2932
2540.000000	93.163	138.0282
2580.000000	93.143	136.9937
2620.000000	93.121	135.8016
2650.000000	93.104	134.8785
2690.000000	93.047	133.9084
2720.000000	92.974	132.9685
2760.000000	92.910	132.1343
2800.000000	92.844	131.1297
2850.000000	92.734	130.0907
2900.000000	92.642	129.0023
2950.000000	92.512	127.9662
3000.000000	92.333	126.7779
3040.000000	92.275	126.3998
3070.000000	92.171	126.1325
3110.000000	92.046	125.4115
3150.000000	91.971	124.7258
3200.000000	91.747	124.1990
3250.000000	91.586	123.8116
3300.000000	91.450	123.3824
3350.000000	91.257	123.2237
3400.000000	91.081	122.9816
3450.000000	90.917	122.9939
3500.000000	90.735	122.9949
3550.000000	90.582	123.1548
3600.000000	90.457	123.2576
3650.000000	90.272	123.9008
3700.000000	90.137	124.2379
3750.000000	90.069	124.8409
3820.000000	89.968	125.5608
3870.000000	89.867	125.7690
3950.000000	89.749	126.0791
4000.000000	89.611	126.2703
4060.000000	89.571	126.9310
4120.000000	89.384	127.1546
4180.000000	89.287	127.9364
4250.000000	89.144	128.6139
4310.000000	88.987	128.7473
4370.000000	88.869	129.8902
4440.000000	88.722	130.7728
4500.000000	88.547	131.3599
4550.000000	88.471	131.9636
4620.000000	88.353	133.1690
4680.000000	88.189	134.1649
4750.000000	88.059	135.1607
4820.000000	87.991	136.2669
4870.000000	87.903	136.7214
4940.000000	87.822	137.7989
5000.000000	87.845	138.3085
5080.000000	87.593	140.1989
5150.000000	87.545	141.0524
5220.000000	87.364	141.9828
5300.000000	87.287	143.5071
5380.000000	87.133	144.8647
5450.000000	87.104	145.8683
5520.000000	86.932	147.6405
5600.000000	86.873	149.0135
5700.000000	86.757	151.5239
5800.000000	86.595	153.9220
5900.000000	86.417	156.7312
6000.000000	86.344	159.0854
6080.000000	86.268	162.2321
6150.000000	86.214	165.2697
6220.000000	86.287	168.0985
6300.000000	86.313	171.5208
6400.000000	86.577	176.1236
6500.000000	86.953	-179.1296
6600.000000	87.443	-175.0998
6700.000000	88.116	-171.7777
6800.000000	88.774	-169.0172
6900.000000	89.519	-167.0162
7000.000000	90.190	-165.9714
7100.000000	90.921	-166.1716
7200.000000	91.598	-166.9922
7300.000000	92.195	-168.3531
7400.000000	92.756	-170.6563
7500.000000	93.219	-173.5296
7620.000000	93.730	-177.2393
7750.000000	94.095	177.9241
7880.000000	94.338	172.4785
8000.000000	94.345	167.1667
8120.000000	94.248	162.4842
8250.000000	93.926	157.5907
8380.000000	93.448	153.3210
8500.000000	92.937	150.1871
8620.000000	92.371	148.1002
8750.000000	91.756	146.3346
8850.000000	91.273	145.4616
9000.000000	90.526	145.2014
9120.000000	89.973	144.9645
9250.000000	89.382	145.6337
9380.000000	88.863	146.6287
9500.000000	88.332	148.4860
9620.000000	87.871	149.8480
9750.000000	87.464	151.8458
9880.000000	87.022	153.8876
10000.000000	86.770	156.4694
10150.000000	86.302	159.0726
10300.000000	85.944	162.0291
10440.000000	85.625	165.5994
10600.000000	85.302	168.9572
10750.000000	85.081	172.4772
10900.000000	84.843	175.9628
11060.000000	84.690	179.2481
11200.000000	84.488	-176.8807
11380.000000	84.356	-172.6340
11500.000000	84.365	-169.9430
11720.000000	84.359	-163.8235
11800.000000	84.323	-161.1619
12060.000000	84.365	-154.8236
12200.000000	84.488	-151.6488
12410.000000	84.653	-146.8567
12500.000000	84.799	-144.4974
12650.000000	84.949	-140.6216
12800.000000	85.273	-137.7561
13150.000000	86.073	-131.2333
13200.000000	86.169	-130.4274
13400.000000	86.894	-126.7068
13600.000000	87.555	-124.9243
13800.000000	88.529	-122.9253
14000.000000	89.541	-122.8805
14300.000000	91.251	-127.8854
14500.000000	92.436	-135.9078
14750.000000	93.363	-152.4455
15000.000000	92.673	-172.1211
15250.000000	90.758	172.9836
15500.000000	88.644	165.9597
15750.000000	86.584	162.8667
16000.000000	84.848	163.0793
16250.000000	83.501	164.1679
16500.000000	81.738	167.1784
16750.000000	81.127	168.9744
17000.000000	80.251	174.2368
17250.000000	79.230	175.3537
17500.000000	79.442	177.3571
17750.000000	78.003	177.4722
18000.000000	77.084	179.5402
18250.000000	76.265	174.8420
18500.000000	74.655	-178.7497
18750.000000	73.036	176.8713
19000.000000	70.918	-179.2673
19250.000000	69.745	-176.2442
19500.000000	67.384	-172.5272
19750.000000	65.733	-169.3246
