* Measurement data measured by REW V5.20
* Source: USB-C to 3.5mm Headphone Jack Adapter, USB-C to 3.5mm Headphone Jack Adapter, 0, volume: 0.250
* Format: 256k Log Swept Sine, 1 sweep at -12.0 dBFS with no timing reference
* Dated: Mar 25, 2023 10:44:58 PM
* REW Settings:
*  C-weighting compensation: Off
*  Target level: 75.0 dB
* Note: ; 
* Measurement: Fir black L
* Smoothing: None
* Frequency Step: 1/48 octave
* Start Frequency: 20.300 Hz
*
* Freq(Hz)	SPL(dB)	Phase(degrees)
20.299999	108.497658	42.0755
20.600000	108.544350	41.2052
20.900000	108.577698	40.4404
21.200001	108.608849	39.7009
21.400000	108.631432	39.2127
21.799999	108.683426	38.2267
22.000000	108.712601	37.7241
22.400000	108.774445	36.7045
22.700001	108.820709	35.9416
23.000000	108.864891	35.1945
23.299999	108.906006	34.4723
23.600000	108.943741	33.7773
24.000000	108.988838	32.8867
24.299999	109.019020	32.2383
24.700001	109.055389	31.3918
25.000000	109.081085	30.7670
25.400000	109.115295	29.9423
25.799999	109.151039	29.1201
26.200001	109.187759	28.2959
26.500000	109.214638	27.6792
26.900000	109.248016	26.8710
27.200001	109.270935	26.2837
27.600000	109.299568	25.5307
28.000000	109.327278	24.8056
28.500000	109.361320	23.9182
29.000000	109.394096	23.0365
29.500000	109.426109	22.1580
30.000000	109.458633	21.2711
30.400000	109.483719	20.5429
30.700001	109.499954	19.9867
31.100000	109.515930	19.2485
31.500000	109.525635	18.5458
32.000000	109.535332	17.7514
32.500000	109.551155	17.0328
33.000000	109.574753	16.3229
33.500000	109.598511	15.5810
34.000000	109.615059	14.8271
34.500000	109.625153	14.1001
35.000000	109.634796	13.4054
35.500000	109.647293	12.7185
36.000000	109.661278	12.0214
36.500000	109.674393	11.3171
37.000000	109.685295	10.6140
37.500000	109.692650	9.9180
38.200001	109.695862	8.9763
38.700001	109.696411	8.3390
39.500000	109.703255	7.3358
40.000000	109.709091	6.6868
40.599998	109.711815	5.9124
41.200001	109.712402	5.1959
41.799999	109.717300	4.5262
42.500000	109.724648	3.7234
43.099998	109.722260	3.0107
43.700001	109.713478	2.3257
44.400002	109.708488	1.5575
45.000000	109.708389	0.8841
45.500000	109.704979	0.3308
46.200001	109.695755	-0.3804
46.799999	109.689453	-0.9791
47.500000	109.675522	-1.7704
48.200001	109.644669	-2.5737
48.700001	109.625061	-3.0585
49.400002	109.624649	-3.6597
50.000000	109.639191	-4.2270
50.799999	109.638863	-5.0431
51.500000	109.617828	-5.6876
52.200001	109.599922	-6.2978
53.000000	109.587845	-7.0439
53.799999	109.571968	-7.7609
54.500000	109.555649	-8.2967
55.200001	109.543877	-8.8317
56.000000	109.530151	-9.5624
57.000000	109.509857	-10.4490
58.000000	109.508499	-11.2329
59.000000	109.458473	-12.0499
60.000000	109.402634	-12.6022
60.799999	109.421417	-13.2804
61.500000	109.430061	-14.1106
62.200001	109.409973	-14.7659
63.000000	109.391434	-15.2447
64.000000	109.370316	-15.9934
65.000000	109.319702	-16.8307
66.000000	109.294212	-17.5401
67.000000	109.278519	-18.2711
68.000000	109.244743	-18.9407
69.000000	109.211601	-19.6396
70.000000	109.179626	-20.3438
71.000000	109.165802	-20.9938
72.000000	109.142838	-21.7245
73.000000	109.101112	-22.3836
74.000000	109.072678	-23.0528
75.000000	109.039467	-23.7419
76.199997	109.000481	-24.4427
77.500000	108.956955	-25.2800
78.800003	108.908493	-26.0873
80.000000	108.874123	-26.7868
81.199997	108.833977	-27.5149
82.500000	108.783508	-28.2530
83.800003	108.745407	-29.0286
85.000000	108.703903	-29.7127
86.199997	108.658638	-30.3429
87.500000	108.608414	-30.9930
88.500000	108.578987	-31.5739
90.000000	108.525703	-32.3714
91.199997	108.487923	-32.9808
92.500000	108.435326	-33.6519
93.800003	108.389420	-34.2981
95.000000	108.349548	-34.8775
96.199997	108.304222	-35.4577
97.500000	108.255920	-36.0699
98.800003	108.213013	-36.7225
100.000000	108.173035	-37.2808
101.500000	108.122253	-37.9347
103.000000	108.069687	-38.6225
104.400002	108.025475	-39.3068
106.000000	107.956909	-39.9793
107.500000	107.908134	-40.6073
109.000000	107.854668	-41.2576
110.599998	107.795143	-41.9535
112.000000	107.752556	-42.5555
113.800003	107.682747	-43.2490
115.000000	107.645416	-43.7813
117.199997	107.567963	-44.6172
118.000000	107.524536	-44.9763
120.599998	107.481361	-46.2105
122.000000	107.398392	-46.3335
124.099998	107.322395	-47.2161
125.000000	107.297478	-47.5407
126.500000	107.238808	-48.0693
128.000000	107.188873	-48.6236
131.500000	107.070168	-49.8091
132.000000	107.052345	-49.9639
134.000000	106.983536	-50.6382
136.000000	106.923355	-51.2864
138.000000	106.853851	-51.9155
140.000000	106.789169	-52.5662
143.000000	106.694229	-53.5005
145.000000	106.629715	-54.0887
147.500000	106.550156	-54.9153
150.000000	106.481392	-55.6084
152.500000	106.391434	-56.2617
155.000000	106.322380	-57.0932
157.500000	106.244720	-57.7437
160.000000	106.169266	-58.4545
162.500000	106.094604	-59.0955
165.000000	106.021790	-59.7619
167.500000	105.949608	-60.3802
170.000000	105.876961	-61.0440
172.500000	105.809875	-61.6435
175.000000	105.738190	-62.2384
177.500000	105.669601	-62.8204
180.000000	105.597137	-63.4267
182.500000	105.544815	-64.0315
185.000000	105.480820	-64.6163
187.500000	105.418678	-65.2123
190.000000	105.351883	-65.7508
192.500000	105.291405	-66.3310
195.000000	105.229126	-66.8840
197.500000	105.171265	-67.4669
200.000000	105.110596	-67.9910
203.000000	105.040642	-68.6278
206.000000	104.972260	-69.2654
209.000000	104.899315	-69.8789
212.000000	104.831688	-70.4967
214.000000	104.785683	-70.8853
218.000000	104.697899	-71.6732
220.000000	104.654312	-72.0609
224.000000	104.569351	-72.8167
227.000000	104.507591	-73.3811
230.000000	104.444977	-73.9324
233.000000	104.387009	-74.4790
236.000000	104.329239	-75.0250
240.000000	104.224419	-75.5524
243.000000	104.192337	-76.2133
247.000000	104.121338	-76.9603
250.000000	104.071938	-77.4568
254.000000	104.001717	-78.1265
258.000000	103.937592	-78.8037
262.000000	103.870621	-79.4643
265.000000	103.823288	-79.9632
269.000000	103.763123	-80.6171
272.000000	103.710632	-81.0628
276.000000	103.657990	-81.7294
280.000000	103.595558	-82.3590
285.000000	103.523430	-83.1187
290.000000	103.453964	-83.8839
295.000000	103.391304	-84.6391
300.000000	103.349808	-85.2533
304.000000	103.273468	-85.9754
307.000000	103.236244	-86.3922
311.000000	103.189598	-86.9787
315.000000	103.142784	-87.5354
320.000000	103.082848	-88.2145
325.000000	103.030716	-88.9379
330.000000	102.981544	-89.6412
335.000000	102.935112	-90.3023
340.000000	102.887268	-91.0045
345.000000	102.841888	-91.6865
350.000000	102.801048	-92.3416
355.000000	102.758804	-93.0040
360.000000	102.717445	-93.5836
365.000000	102.682762	-94.3133
370.000000	102.643593	-94.9620
375.000000	102.612282	-95.6160
382.000000	102.564987	-96.5062
387.000000	102.534172	-97.1347
395.000000	102.488625	-98.1496
400.000000	102.461441	-98.7636
406.000000	102.428596	-99.5127
412.000000	102.399055	-100.2645
418.000000	102.371017	-101.0266
425.000000	102.343422	-101.8730
431.000000	102.315575	-102.6203
437.000000	102.291931	-103.3260
444.000000	102.266548	-104.1870
450.000000	102.246902	-104.9208
455.000000	102.231537	-105.5108
462.000000	102.210030	-106.3466
468.000000	102.193077	-107.0774
475.000000	102.173264	-107.9066
482.000000	102.154922	-108.7108
487.000000	102.145042	-109.3056
494.000000	102.131989	-110.1194
500.000000	102.119141	-110.8169
508.000000	102.104797	-111.7347
515.000000	102.091705	-112.5361
522.000000	102.080887	-113.3388
530.000000	102.068657	-114.2439
538.000000	102.055115	-115.1458
545.000000	102.049660	-115.9214
552.000000	102.041397	-116.6998
560.000000	102.032585	-117.5844
570.000000	102.023102	-118.6785
580.000000	102.015320	-119.7593
590.000000	102.006775	-120.8309
600.000000	102.005508	-121.8848
608.000000	102.001671	-122.7446
615.000000	101.999512	-123.4892
622.000000	101.999542	-124.2397
630.000000	101.996048	-125.1592
640.000000	101.961861	-126.2322
650.000000	101.953796	-127.1203
660.000000	101.964127	-128.0001
670.000000	101.943726	-129.1053
680.000000	101.921486	-130.1126
690.000000	101.901917	-130.9754
700.000000	101.895378	-131.8348
710.000000	101.886726	-132.7025
720.000000	101.878914	-133.5410
730.000000	101.870224	-134.3800
740.000000	101.860809	-135.1882
750.000000	101.849770	-135.9772
762.000000	101.838081	-136.8872
775.000000	101.823944	-137.8507
788.000000	101.812225	-138.7565
800.000000	101.801834	-139.5470
812.000000	101.793686	-140.3071
825.000000	101.786201	-141.0886
838.000000	101.782318	-141.8436
850.000000	101.779404	-142.4817
862.000000	101.778633	-143.0825
875.000000	101.781677	-143.6850
885.000000	101.786163	-144.1308
900.000000	101.812813	-144.6402
912.000000	101.814789	-145.2339
925.000000	101.837029	-145.7022
938.000000	101.864357	-146.1333
950.000000	101.888809	-146.5240
962.000000	101.926842	-146.8927
975.000000	101.967247	-147.2715
988.000000	102.014633	-147.6374
1000.000000	102.064980	-147.9522
1015.000000	102.134453	-148.3278
1030.000000	102.213684	-148.7465
1044.000000	102.295326	-149.0875
1060.000000	102.393333	-149.5016
1075.000000	102.494545	-149.9037
1090.000000	102.597588	-150.3266
1106.000000	102.715240	-150.8106
1120.000000	102.822533	-151.2384
1138.000000	102.965347	-151.8226
1150.000000	103.061623	-152.2382
1172.000000	103.242569	-153.0412
1180.000000	103.308250	-153.3445
1206.000000	103.526428	-154.4032
1220.000000	103.643318	-154.9913
1241.000000	103.816414	-155.9187
1250.000000	103.889633	-156.3329
1265.000000	104.011902	-157.0365
1280.000000	104.131149	-157.7506
1315.000000	104.400764	-159.4752
1320.000000	104.443192	-159.7041
1340.000000	104.584694	-160.7029
1360.000000	104.727158	-161.7162
1380.000000	104.855453	-162.7840
1400.000000	104.995178	-163.7411
1430.000000	105.185593	-165.2473
1450.000000	105.308258	-166.2255
1475.000000	105.458183	-167.4527
1500.000000	105.604584	-168.6783
1525.000000	105.744743	-169.8445
1550.000000	105.884003	-171.0083
1575.000000	106.022705	-172.1697
1600.000000	106.156082	-173.3169
1625.000000	106.288994	-174.4533
1650.000000	106.424820	-175.5981
1675.000000	106.556488	-176.7316
1700.000000	106.687119	-177.8826
1725.000000	106.815483	-179.0428
1750.000000	106.943184	179.7783
1775.000000	107.068680	178.5917
1800.000000	107.187973	177.3738
1825.000000	107.310303	176.1248
1850.000000	107.425446	174.8474
1875.000000	107.534142	173.5295
1900.000000	107.639351	172.1763
1925.000000	107.734482	170.7993
1950.000000	107.820015	169.3663
1975.000000	107.894737	167.9283
2000.000000	107.957779	166.4504
2030.000000	108.016731	164.6494
2060.000000	108.054947	162.8305
2090.000000	108.068283	161.0023
2120.000000	108.058678	159.2108
2140.000000	108.039108	158.0258
2180.000000	107.968842	155.7366
2200.000000	107.918610	154.6475
2240.000000	107.789764	152.6050
2270.000000	107.668732	151.2055
2300.000000	107.531990	149.9370
2330.000000	107.381683	148.8029
2360.000000	107.219025	147.8189
2400.000000	106.988266	146.7563
2430.000000	106.813980	146.0952
2470.000000	106.575500	145.4543
2500.000000	106.395645	145.1317
2540.000000	106.161423	144.8909
2580.000000	105.930389	144.8504
2620.000000	105.719276	144.9951
2650.000000	105.566116	145.2078
2690.000000	105.374565	145.6143
2720.000000	105.242981	146.0036
2760.000000	105.077347	146.6216
2800.000000	104.934151	147.3459
2850.000000	104.774300	148.3391
2900.000000	104.640755	149.4331
2950.000000	104.534218	150.5928
3000.000000	104.450363	151.8172
3040.000000	104.401733	152.8171
3070.000000	104.375244	153.5818
3110.000000	104.350471	154.5996
3150.000000	104.338585	155.6168
3200.000000	104.343765	156.8602
3250.000000	104.368401	158.0885
3300.000000	104.407318	159.3115
3350.000000	104.465179	160.4513
3400.000000	104.534027	161.5648
3450.000000	104.617355	162.6082
3500.000000	104.711090	163.6149
3550.000000	104.817406	164.5390
3600.000000	104.937248	165.3818
3650.000000	105.061089	166.2112
3700.000000	105.200111	166.9461
3750.000000	105.349854	167.6075
3820.000000	105.577881	168.3237
3870.000000	105.748970	168.6756
3950.000000	106.027100	169.0168
4000.000000	106.203598	169.0677
4060.000000	106.418816	168.9944
4120.000000	106.636833	168.7468
4180.000000	106.854782	168.3030
4250.000000	107.112434	167.5471
4310.000000	107.333900	166.6057
4370.000000	107.549507	165.3902
4440.000000	107.789124	163.5192
4500.000000	107.969505	161.4637
4550.000000	108.090317	159.3893
4620.000000	108.184998	155.8863
4680.000000	108.153809	152.3134
4750.000000	107.921227	147.6929
4820.000000	107.397583	143.2101
4870.000000	106.830856	140.7554
4940.000000	105.877335	139.3933
5000.000000	105.087898	140.4821
5080.000000	104.329941	144.0173
5150.000000	103.975227	147.5432
5220.000000	103.801414	150.5677
5300.000000	103.698105	153.3230
5380.000000	103.622368	155.6099
5450.000000	103.563980	157.4457
5520.000000	103.511810	159.2751
5600.000000	103.465416	161.4220
5700.000000	103.456566	164.1741
5800.000000	103.510025	166.9864
5900.000000	103.645493	169.7619
6000.000000	103.861771	172.2327
6080.000000	104.091011	173.8990
6150.000000	104.319412	175.0139
6220.000000	104.561966	175.7603
6300.000000	104.838379	176.0729
6400.000000	105.076019	175.5374
6500.000000	105.155922	175.9400
6600.000000	105.340446	175.9780
6700.000000	105.434265	175.8740
6800.000000	105.493919	176.1116
6900.000000	105.571617	176.5741
7000.000000	105.683640	177.0789
7100.000000	105.814758	177.4399
7200.000000	105.948563	177.7613
7300.000000	106.136703	177.9261
7400.000000	106.306396	177.7556
7500.000000	106.564079	177.5777
7620.000000	106.896698	175.1135
7750.000000	106.852631	171.1876
7880.000000	106.443481	168.2217
8000.000000	105.930580	166.9934
8120.000000	105.364784	167.1844
8250.000000	104.808105	169.0146
8380.000000	104.433907	171.9891
8500.000000	104.262199	174.7238
8620.000000	104.237350	178.5800
8750.000000	104.422935	179.8222
8850.000000	104.419205	-179.3533
9000.000000	104.400879	-177.6918
9120.000000	104.435623	-176.2145
9250.000000	104.582535	-174.8503
9380.000000	104.743217	-174.5596
9500.000000	104.840637	-174.8112
9620.000000	104.884674	-175.5111
9750.000000	104.837959	-176.6626
9880.000000	104.668655	-177.9422
10000.000000	104.413307	-179.1230
10150.000000	103.979797	-179.9912
10300.000000	103.450783	179.5387
10440.000000	102.895874	179.6868
10600.000000	102.171341	-179.5377
10750.000000	101.398285	-177.9312
10900.000000	100.571243	-174.6536
11060.000000	99.935043	-168.6458
11200.000000	99.802704	-163.8953
11380.000000	99.662323	-160.3695
11500.000000	99.452515	-158.2255
11720.000000	99.058472	-153.6042
11800.000000	98.940231	-151.6921
12060.000000	98.785080	-145.8347
12200.000000	98.809235	-143.0728
12410.000000	98.969772	-140.3526
12500.000000	99.069756	-139.7710
12650.000000	99.198143	-139.6525
12800.000000	99.253677	-140.6335
13150.000000	98.812897	-145.2907
13200.000000	98.674835	-145.9696
13400.000000	98.018250	-148.0734
13600.000000	97.251160	-149.1616
13800.000000	96.503036	-149.2074
14000.000000	95.852478	-148.6685
14300.000000	95.127037	-147.5583
14500.000000	94.753494	-147.4253
14750.000000	94.417007	-147.8220
15000.000000	94.084435	-148.3300
15250.000000	94.074898	-148.2068
15500.000000	94.610489	-149.9752
15750.000000	95.185303	-154.9369
16000.000000	95.663712	-160.6482
16250.000000	96.557030	-164.9248
16500.000000	98.386871	-171.6938
16750.000000	100.873093	175.0623
17000.000000	103.765152	153.8448
17250.000000	106.711159	122.3987
17500.000000	109.016869	78.5550
17750.000000	109.778275	27.4875
18000.000000	109.519501	-27.9967
18250.000000	107.590828	-90.1130
18500.000000	103.593254	-148.8292
18750.000000	99.124489	159.6884
19000.000000	94.960869	108.8776
19250.000000	91.020836	53.3973
19500.000000	87.008980	-10.5153
19750.000000	82.307007	-87.4495
