* Measurement data measured by REW V5.20
* Source: USB-C to 3.5mm Headphone Jack Adapter, USB-C to 3.5mm Headphone Jack Adapter, 0, volume: 0.138
* Format: 256k Log Swept Sine, 1 sweep at -12.0 dBFS with no timing reference
* Dated: Jul 8, 2021 5:06:08 PM
* REW Settings:
*  C-weighting compensation: Off
*  Target level: 75.0 dB
* Note: 
* Measurement: stock foam
* Smoothing: None
* Frequency Step: 1/48 octave
* Start Frequency: 20.300 Hz
*
* Freq(Hz)	SPL(dB)	Phase(degrees)
20.299999	93.725670	-120.8690
20.600000	93.779556	-121.7088
20.900000	93.814964	-122.3261
21.200001	93.852325	-122.8092
21.400000	93.884293	-123.0863
21.799999	93.967529	-123.6356
22.000000	94.016556	-123.9448
22.400000	94.119476	-124.6635
22.700001	94.191696	-125.2762
23.000000	94.255272	-125.9118
23.299999	94.309952	-126.5289
23.600000	94.358246	-127.0963
24.000000	94.419098	-127.7527
24.299999	94.465950	-128.1784
24.700001	94.532776	-128.6906
25.000000	94.585770	-129.0637
25.400000	94.657532	-129.5848
25.799999	94.725983	-130.1591
26.200001	94.787018	-130.7833
26.500000	94.827232	-131.2639
26.900000	94.876114	-131.8829
27.200001	94.912453	-132.3101
27.600000	94.965363	-132.8223
28.000000	95.025093	-133.2877
28.500000	95.103180	-133.8528
29.000000	95.170647	-134.4288
29.500000	95.219315	-134.9983
30.000000	95.255768	-135.5455
30.400000	95.285042	-135.9873
30.700001	95.310043	-136.3399
31.100000	95.347122	-136.8496
31.500000	95.385017	-137.3863
32.000000	95.429039	-138.0245
32.500000	95.470230	-138.5551
33.000000	95.513626	-138.9815
33.500000	95.559837	-139.3792
34.000000	95.603165	-139.8187
34.500000	95.639221	-140.3063
35.000000	95.670975	-140.8047
35.500000	95.704857	-141.2863
36.000000	95.743019	-141.7492
36.500000	95.781494	-142.1930
37.000000	95.815620	-142.6066
37.500000	95.844994	-142.9852
38.200001	95.883652	-143.4961
38.700001	95.911858	-143.8838
39.500000	95.956451	-144.5498
40.000000	95.982750	-144.9619
40.599998	96.012482	-145.4158
41.200001	96.041374	-145.8119
41.799999	96.071274	-146.1679
42.500000	96.106255	-146.5925
43.099998	96.130730	-146.9964
43.700001	96.148491	-147.4162
44.400002	96.171745	-147.8965
45.000000	96.201210	-148.3323
45.500000	96.225998	-148.7271
46.200001	96.244453	-149.2366
46.799999	96.247200	-149.5089
47.500000	96.263161	-149.6656
48.200001	96.306381	-149.9172
48.700001	96.340462	-150.2493
49.400002	96.370232	-150.7942
50.000000	96.382675	-151.1486
50.799999	96.410843	-151.4214
51.500000	96.450821	-151.7013
52.200001	96.476242	-152.1120
53.000000	96.474777	-152.5120
53.799999	96.475166	-152.7656
54.500000	96.488052	-153.0790
55.200001	96.503433	-153.5316
56.000000	96.527847	-154.0189
57.000000	96.580254	-154.2073
58.000000	96.646362	-154.3005
59.000000	96.588547	-155.1235
60.000000	96.459473	-155.5410
60.799999	96.528809	-155.5341
61.500000	96.648514	-155.8895
62.200001	96.694534	-156.2515
63.000000	96.683456	-156.2459
64.000000	96.692932	-156.3919
65.000000	96.695335	-157.0445
66.000000	96.712753	-157.3506
67.000000	96.775833	-157.5730
68.000000	96.778046	-158.0095
69.000000	96.760468	-158.1816
70.000000	96.794090	-158.4623
71.000000	96.798988	-158.8145
72.000000	96.799698	-159.0028
73.000000	96.824852	-159.3443
74.000000	96.842972	-159.6809
75.000000	96.851479	-159.6678
76.199997	96.876663	-159.8671
77.500000	96.857651	-160.4679
78.800003	96.891891	-160.6934
80.000000	96.900795	-160.9728
81.199997	96.902908	-161.2419
82.500000	96.924049	-161.5786
83.800003	96.930855	-161.8575
85.000000	96.945999	-162.0965
86.199997	96.955566	-162.2834
87.500000	96.969978	-162.5171
88.500000	96.979179	-162.7473
90.000000	96.985443	-162.9540
91.199997	96.987091	-163.1992
92.500000	97.002930	-163.7279
93.800003	97.001785	-163.8301
95.000000	97.002594	-164.0256
96.199997	97.021729	-164.1287
97.500000	96.984734	-164.2973
98.800003	97.065323	-163.9303
100.000000	97.126770	-164.9990
101.500000	97.031403	-164.9377
103.000000	97.076393	-165.1853
104.400002	97.053085	-165.2327
106.000000	97.071526	-165.5034
107.500000	97.092911	-165.7173
109.000000	97.085678	-165.8977
110.599998	97.103874	-166.2042
112.000000	97.127609	-166.4220
113.800003	97.111786	-166.4493
115.000000	97.140488	-166.6797
117.199997	97.129784	-166.9525
118.000000	97.114761	-166.9550
120.599998	97.042961	-167.8127
122.000000	97.134842	-167.2548
124.099998	97.148270	-167.7202
125.000000	97.157494	-167.8117
126.500000	97.173790	-167.9821
128.000000	97.167015	-168.1192
131.500000	97.165039	-168.5343
132.000000	97.167130	-168.5108
134.000000	97.175926	-168.7777
136.000000	97.186775	-168.8835
138.000000	97.186829	-169.0654
140.000000	97.193886	-169.2413
143.000000	97.197151	-169.4934
145.000000	97.202141	-169.6933
147.500000	97.204727	-169.8390
150.000000	97.214905	-170.0884
152.500000	97.206329	-170.3047
155.000000	97.227188	-170.4286
157.500000	97.225853	-170.6856
160.000000	97.226440	-170.8570
162.500000	97.229485	-171.0432
165.000000	97.231018	-171.1944
167.500000	97.229614	-171.3919
170.000000	97.228195	-171.5550
172.500000	97.236389	-171.7039
175.000000	97.237045	-171.7946
177.500000	97.237213	-171.9945
180.000000	97.248932	-172.2410
182.500000	97.235733	-172.3467
185.000000	97.239342	-172.4106
187.500000	97.236954	-172.5963
190.000000	97.232422	-172.7530
192.500000	97.229271	-173.0065
195.000000	97.246674	-172.9678
197.500000	97.233139	-173.0969
200.000000	97.242935	-173.2741
203.000000	97.201576	-173.2998
206.000000	97.238190	-173.5593
209.000000	97.239639	-173.8161
212.000000	97.234100	-173.9424
214.000000	97.226837	-174.0781
218.000000	97.224396	-174.2035
220.000000	97.222992	-174.3270
224.000000	97.217896	-174.5117
227.000000	97.213127	-174.6495
230.000000	97.209747	-174.8287
233.000000	97.201294	-174.9421
236.000000	97.202866	-175.1010
240.000000	97.105492	-175.1422
243.000000	97.171753	-175.3715
247.000000	97.199074	-175.4842
250.000000	97.186447	-175.5776
254.000000	97.169807	-175.8013
258.000000	97.152252	-175.8903
262.000000	97.158859	-176.0688
265.000000	97.148575	-176.1656
269.000000	97.135132	-176.3451
272.000000	97.127289	-176.4252
276.000000	97.114311	-176.5741
280.000000	97.101089	-176.7283
285.000000	97.068855	-176.8771
290.000000	97.065216	-177.0487
295.000000	97.067863	-177.2686
300.000000	97.065590	-177.4664
304.000000	97.028336	-177.4766
307.000000	97.007187	-177.4673
311.000000	96.995064	-177.5400
315.000000	96.977722	-177.6095
320.000000	96.953178	-177.7164
325.000000	96.935066	-177.7436
330.000000	96.920006	-177.7883
335.000000	96.903687	-177.9070
340.000000	96.881592	-177.9284
345.000000	96.874374	-177.9809
350.000000	96.867554	-178.0591
355.000000	96.847939	-178.0511
360.000000	96.832314	-178.2340
365.000000	96.825592	-178.2362
370.000000	96.820770	-178.2957
375.000000	96.807045	-178.3380
382.000000	96.780563	-178.5208
387.000000	96.765030	-178.5821
395.000000	96.746635	-178.7596
400.000000	96.705704	-178.8480
406.000000	96.708557	-178.8294
412.000000	96.667862	-178.9346
418.000000	96.639267	-178.9977
425.000000	96.626419	-179.0247
431.000000	96.592552	-179.0673
437.000000	96.555481	-179.2478
444.000000	96.531296	-179.1575
450.000000	96.496605	-179.2414
455.000000	96.478539	-179.3020
462.000000	96.449303	-179.2114
468.000000	96.410591	-179.1913
475.000000	96.384911	-179.2560
482.000000	96.351074	-179.2133
487.000000	96.324631	-179.2185
494.000000	96.293304	-179.1910
500.000000	96.257492	-179.1444
508.000000	96.223618	-179.0794
515.000000	96.183296	-179.0594
522.000000	96.150139	-178.9971
530.000000	96.107765	-178.8727
538.000000	96.074425	-178.8068
545.000000	96.033348	-178.6792
552.000000	95.999969	-178.5819
560.000000	95.959633	-178.4741
570.000000	95.920769	-178.3171
580.000000	95.867287	-178.0946
590.000000	95.818626	-177.8901
600.000000	95.778801	-177.7811
608.000000	95.737267	-177.5040
615.000000	95.708412	-177.3038
622.000000	95.669930	-177.1400
630.000000	95.641525	-176.9265
640.000000	95.596954	-176.6456
650.000000	95.554306	-176.3587
660.000000	95.527069	-176.1039
670.000000	95.475258	-175.7579
680.000000	95.438889	-175.4419
690.000000	95.400887	-175.0938
700.000000	95.366409	-174.7852
710.000000	95.329674	-174.3748
720.000000	95.283348	-174.0129
730.000000	95.261795	-173.6832
740.000000	95.230530	-173.2962
750.000000	95.192413	-172.9046
762.000000	95.158653	-172.3865
775.000000	95.120102	-171.8508
788.000000	95.083336	-171.2729
800.000000	95.049774	-170.6894
812.000000	95.013832	-170.0956
825.000000	94.984016	-169.4183
838.000000	94.958458	-168.7319
850.000000	94.934738	-168.0373
862.000000	94.919189	-167.3363
875.000000	94.901115	-166.5317
885.000000	94.896271	-165.8755
900.000000	94.881119	-165.1863
912.000000	94.903412	-164.1420
925.000000	94.915001	-163.2794
938.000000	94.937454	-162.3923
950.000000	94.962601	-161.5873
962.000000	95.000984	-160.8362
975.000000	95.045410	-159.9620
988.000000	95.096130	-159.1124
1000.000000	95.150276	-158.3625
1015.000000	95.222397	-157.4430
1030.000000	95.308868	-156.5419
1044.000000	95.388481	-155.7664
1060.000000	95.494087	-154.8744
1075.000000	95.597702	-154.1539
1090.000000	95.706909	-153.4119
1106.000000	95.826660	-152.6770
1120.000000	95.936218	-152.1105
1138.000000	96.075195	-151.4453
1150.000000	96.175529	-151.0139
1172.000000	96.354477	-150.3318
1180.000000	96.418182	-150.1113
1206.000000	96.630440	-149.4851
1220.000000	96.744247	-149.1676
1241.000000	96.913048	-148.7796
1250.000000	96.984184	-148.6226
1265.000000	97.106117	-148.4062
1280.000000	97.217430	-148.2327
1315.000000	97.478630	-147.8529
1320.000000	97.510666	-147.8311
1340.000000	97.656555	-147.6451
1360.000000	97.797989	-147.5102
1380.000000	97.938210	-147.4987
1400.000000	98.072357	-147.3224
1430.000000	98.269165	-147.2178
1450.000000	98.398972	-147.1651
1475.000000	98.559891	-147.1153
1500.000000	98.723267	-147.0840
1525.000000	98.880669	-147.0935
1550.000000	99.040710	-147.1138
1575.000000	99.197922	-147.1746
1600.000000	99.358871	-147.2463
1625.000000	99.518265	-147.3726
1650.000000	99.675507	-147.5088
1675.000000	99.836021	-147.7088
1700.000000	99.993851	-147.9301
1725.000000	100.152763	-148.1955
1750.000000	100.310287	-148.5188
1775.000000	100.464172	-148.9016
1800.000000	100.613480	-149.2889
1825.000000	100.765060	-149.7905
1850.000000	100.910446	-150.2933
1875.000000	101.049675	-150.8761
1900.000000	101.182693	-151.5175
1925.000000	101.311401	-152.1711
1950.000000	101.426857	-152.8744
1975.000000	101.538086	-153.6079
2000.000000	101.637726	-154.3723
2030.000000	101.746277	-155.3404
2060.000000	101.841393	-156.3178
2090.000000	101.920815	-157.3088
2120.000000	101.985550	-158.3073
2140.000000	102.019829	-158.9442
2180.000000	102.073380	-160.1953
2200.000000	102.089828	-160.8071
2240.000000	102.109726	-161.9548
2270.000000	102.114479	-162.7607
2300.000000	102.108688	-163.5119
2330.000000	102.096985	-164.1746
2360.000000	102.080978	-164.7759
2400.000000	102.057320	-165.4890
2430.000000	102.031540	-165.9362
2470.000000	102.002892	-166.4344
2500.000000	101.983246	-166.7483
2540.000000	101.959938	-167.0668
2580.000000	101.949860	-167.3025
2620.000000	101.938858	-167.5092
2650.000000	101.942902	-167.6080
2690.000000	101.958237	-167.7306
2720.000000	101.977425	-167.8159
2760.000000	102.012306	-167.9057
2800.000000	102.060417	-168.0369
2850.000000	102.138054	-168.2423
2900.000000	102.233360	-168.5486
2950.000000	102.340141	-168.9775
3000.000000	102.456161	-169.5764
3040.000000	102.555290	-170.1854
3070.000000	102.630264	-170.7502
3110.000000	102.722214	-171.6153
3150.000000	102.809029	-172.6336
3200.000000	102.893867	-174.1356
3250.000000	102.950424	-175.8599
3300.000000	102.960754	-177.7826
3350.000000	102.923096	-179.8766
3400.000000	102.818642	177.9677
3450.000000	102.648773	175.8511
3500.000000	102.413567	173.8506
3550.000000	102.112221	172.0810
3600.000000	101.748215	170.6564
3650.000000	101.346275	169.5945
3700.000000	100.905922	169.0167
3750.000000	100.443008	168.9395
3820.000000	99.790497	169.6906
3870.000000	99.334824	170.8511
3950.000000	98.673080	173.7135
4000.000000	98.314880	176.0797
4060.000000	97.959961	179.4001
4120.000000	97.709305	-176.8675
4180.000000	97.570038	-172.9124
4250.000000	97.550262	-168.1608
4310.000000	97.655479	-164.2145
4370.000000	97.873840	-160.5283
4440.000000	98.241783	-156.7589
4500.000000	98.629616	-154.0440
4550.000000	99.006851	-152.2871
4620.000000	99.572784	-150.5322
4680.000000	100.072395	-149.8087
4750.000000	100.641449	-149.8253
4820.000000	101.169907	-150.7111
4870.000000	101.503143	-151.8268
4940.000000	101.882401	-153.9641
5000.000000	102.106354	-156.1792
5080.000000	102.258278	-159.3796
5150.000000	102.249176	-162.1411
5220.000000	102.127441	-164.6320
5300.000000	101.883347	-166.9684
5380.000000	101.564514	-168.6214
5450.000000	101.243851	-169.5122
5520.000000	100.917946	-169.8653
5600.000000	100.542107	-169.7363
5700.000000	100.100845	-168.8518
5800.000000	99.707993	-167.3009
5900.000000	99.374962	-165.2888
6000.000000	99.097977	-162.8393
6080.000000	98.925507	-160.6657
6150.000000	98.813850	-158.6304
6220.000000	98.731293	-156.5003
6300.000000	98.679642	-153.9906
6400.000000	98.677223	-150.7466
6500.000000	98.742767	-147.4350
6600.000000	98.885376	-144.1646
6700.000000	99.095184	-140.9180
6800.000000	99.383438	-137.8214
6900.000000	99.719971	-134.8812
7000.000000	100.153572	-131.8297
7100.000000	100.702393	-129.1127
7200.000000	101.356445	-126.8468
7300.000000	102.112213	-125.1272
7400.000000	102.983017	-124.1162
7500.000000	103.967354	-124.0881
7620.000000	105.303650	-125.9348
7750.000000	106.855103	-131.3908
7880.000000	108.237595	-141.7623
8000.000000	108.878998	-155.4630
8120.000000	108.568039	-169.7825
8250.000000	107.420441	178.3337
8380.000000	106.010910	171.1820
8500.000000	104.755646	167.5760
8620.000000	103.612106	165.8676
8750.000000	102.517891	165.5254
8850.000000	101.778465	166.0272
9000.000000	100.853760	167.6215
9120.000000	100.257889	169.2707
9250.000000	99.746742	171.2737
9380.000000	99.365440	173.2472
9500.000000	99.115662	174.8861
9620.000000	98.930634	176.3546
9750.000000	98.872963	177.3972
9880.000000	98.853088	177.8577
10000.000000	98.889572	177.6762
10150.000000	98.944054	176.4303
10300.000000	98.974030	174.0621
10440.000000	98.898285	170.8193
10600.000000	98.629585	166.3914
10750.000000	98.164062	162.0137
10900.000000	97.513611	158.0508
11060.000000	96.667381	154.7299
11200.000000	95.864388	152.6441
11380.000000	94.815346	151.1223
11500.000000	94.140976	150.7062
11720.000000	92.977829	150.7834
11800.000000	92.581818	151.1729
12060.000000	91.533951	153.1096
12200.000000	91.117073	154.2068
12410.000000	90.647781	155.8683
12500.000000	90.519524	156.3551
12650.000000	90.378479	157.0851
12800.000000	90.368622	157.3394
13150.000000	90.886887	155.4058
13200.000000	91.030350	154.5866
13400.000000	91.771896	149.6491
13600.000000	92.748672	140.0005
13800.000000	93.609894	122.6222
14000.000000	93.297417	96.2155
14300.000000	88.981087	56.4391
14500.000000	84.398849	35.7002
14750.000000	76.245827	0.8691
15000.000000	74.099785	-111.7290
15250.000000	82.352280	-157.0155
15500.000000	87.121071	175.2947
15750.000000	89.881592	147.1771
16000.000000	91.202682	120.8871
16250.000000	92.067093	98.2402
16500.000000	93.312744	76.0297
16750.000000	95.163162	46.5533
17000.000000	96.247467	0.9963
17250.000000	93.905426	-50.1515
17500.000000	89.625229	-87.3249
17750.000000	85.531616	-114.2723
18000.000000	81.928833	-137.6410
18250.000000	78.775589	-160.4971
18500.000000	75.956932	175.5813
18750.000000	73.394226	148.1742
19000.000000	70.923653	116.2065
19250.000000	68.416962	81.9761
19500.000000	65.611244	36.9333
19750.000000	61.528107	-14.4358
