* Measurement data measured by REW V5.20
* Source: USB-C to 3.5mm Headphone Jack Adapter, USB-C to 3.5mm Headphone Jack Adapter, 0, volume: 0.250
* Format: 256k Log Swept Sine, 1 sweep at -12.0 dBFS with no timing reference
* Dated: Mar 1, 2023 8:21:13 PM
* REW Settings:
*  C-weighting compensation: Off
*  Target level: 75.0 dB
* Note: 
* Measurement: Blu Tack R
* Smoothing: None
* Frequency Step: 1/48 octave
* Start Frequency: 20.300 Hz
*
* Freq(Hz)	SPL(dB)	Phase(degrees)
20.299999	107.709984	156.5045
20.600000	107.667656	156.2147
20.900000	107.639458	155.9412
21.200001	107.616112	155.5969
21.400000	107.597229	155.3216
21.799999	107.540672	154.7174
22.000000	107.501465	154.4214
22.400000	107.406967	153.8968
22.700001	107.332321	153.5758
23.000000	107.262527	153.2874
23.299999	107.200775	152.9890
23.600000	107.145401	152.6467
24.000000	107.073181	152.1176
24.299999	107.015373	151.7047
24.700001	106.932678	151.2040
25.000000	106.870148	150.8927
25.400000	106.791534	150.5491
25.799999	106.719162	150.2227
26.200001	106.647118	149.8509
26.500000	106.588974	149.5315
26.900000	106.504196	149.0726
27.200001	106.436958	148.7245
27.600000	106.347916	148.2799
28.000000	106.264687	147.8711
28.500000	106.172379	147.4216
29.000000	106.092278	147.0456
29.500000	106.021294	146.7221
30.000000	105.952415	146.3942
30.400000	105.891914	146.1021
30.700001	105.840340	145.8710
31.100000	105.763000	145.5733
31.500000	105.680481	145.3188
32.000000	105.581642	145.0712
32.500000	105.495865	144.8532
33.000000	105.419312	144.6012
33.500000	105.341866	144.3100
34.000000	105.259155	144.0276
34.500000	105.175476	143.7870
35.000000	105.095932	143.5708
35.500000	105.019089	143.3454
36.000000	104.939812	143.1084
36.500000	104.856888	142.8845
37.000000	104.774971	142.6844
37.500000	104.698593	142.4893
38.200001	104.598991	142.1936
38.700001	104.528244	141.9853
39.500000	104.411911	141.7106
40.000000	104.336693	141.5638
40.599998	104.242661	141.3878
41.200001	104.148247	141.2096
41.799999	104.060905	141.0202
42.500000	103.967957	140.7640
43.099998	103.886055	140.5490
43.700001	103.798599	140.4027
44.400002	103.699249	140.3060
45.000000	103.620293	140.1963
45.500000	103.554779	140.0604
46.200001	103.460495	139.8673
46.799999	103.382019	139.7537
47.500000	103.293396	139.6508
48.200001	103.194885	139.5509
48.700001	103.118126	139.5166
49.400002	103.022697	139.5286
50.000000	102.962822	139.4927
50.799999	102.884712	139.2940
51.500000	102.790230	139.1756
52.200001	102.695206	139.2272
53.000000	102.615967	139.2115
53.799999	102.541214	139.0280
54.500000	102.475029	138.9850
55.200001	102.416603	139.0374
56.000000	102.334679	139.0268
57.000000	102.225220	138.8092
58.000000	102.120193	138.4122
59.000000	102.034973	138.9130
60.000000	102.038239	139.2720
60.799999	101.915970	138.6998
61.500000	101.739334	138.4495
62.200001	101.642868	138.4952
63.000000	101.604462	138.3610
64.000000	101.506828	138.3546
65.000000	101.404053	138.5145
66.000000	101.300537	138.4152
67.000000	101.219780	138.4475
68.000000	101.141144	138.5045
69.000000	101.045647	138.5555
70.000000	100.955551	138.5263
71.000000	100.872665	138.5433
72.000000	100.791916	138.5844
73.000000	100.704330	138.6320
74.000000	100.621651	138.6685
75.000000	100.539314	138.7030
76.199997	100.445923	138.7587
77.500000	100.343475	138.8395
78.800003	100.244934	138.9144
80.000000	100.144554	139.0037
81.199997	100.055664	139.0571
82.500000	99.959480	139.1216
83.800003	99.874657	139.2512
85.000000	99.793221	139.4036
86.199997	99.711395	139.4942
87.500000	99.627502	139.5809
88.500000	99.552628	139.6536
90.000000	99.448975	139.8069
91.199997	99.372437	139.9147
92.500000	99.294899	140.0522
93.800003	99.216965	140.2217
95.000000	99.146088	140.3433
96.199997	99.070854	140.5198
97.500000	98.983368	140.6116
98.800003	98.912140	140.7637
100.000000	98.849533	140.9126
101.500000	98.762428	141.0998
103.000000	98.674202	141.2148
104.400002	98.600380	141.3852
106.000000	98.513542	141.6037
107.500000	98.430557	141.7792
109.000000	98.358162	141.9905
110.599998	98.271011	142.1986
112.000000	98.209908	142.3524
113.800003	98.116074	142.6829
115.000000	98.051682	142.6992
117.199997	97.963867	143.0785
118.000000	97.886063	143.3337
120.599998	97.753967	142.5219
122.000000	97.781097	143.8703
124.099998	97.648895	144.0551
125.000000	97.622719	144.0739
126.500000	97.556854	144.4253
128.000000	97.486877	144.5719
131.500000	97.353226	145.0757
132.000000	97.333992	145.1375
134.000000	97.258011	145.4563
136.000000	97.184677	145.7508
138.000000	97.112709	146.0421
140.000000	97.038376	146.3413
143.000000	96.940498	146.7866
145.000000	96.871513	147.0702
147.500000	96.790756	147.4554
150.000000	96.708374	147.8096
152.500000	96.630409	148.1996
155.000000	96.553986	148.6138
157.500000	96.482414	149.0027
160.000000	96.408524	149.4322
162.500000	96.341362	149.8664
165.000000	96.283295	150.2886
167.500000	96.230881	150.7650
170.000000	96.186844	151.1954
172.500000	96.147064	151.5626
175.000000	96.107384	151.9292
177.500000	96.067978	152.1991
180.000000	96.012138	152.4643
182.500000	95.985268	152.7251
185.000000	95.937263	152.9938
187.500000	95.889076	153.2793
190.000000	95.840233	153.5353
192.500000	95.789124	153.8405
195.000000	95.746490	154.1281
197.500000	95.695961	154.4317
200.000000	95.672913	154.8371
203.000000	95.607719	155.2044
206.000000	95.569481	155.5620
209.000000	95.530434	155.9181
212.000000	95.497192	156.2395
214.000000	95.471725	156.4426
218.000000	95.429924	156.8033
220.000000	95.407669	156.9944
224.000000	95.347107	157.3062
227.000000	95.310135	157.5654
230.000000	95.264267	157.8367
233.000000	95.217827	158.1069
236.000000	95.174591	158.3591
240.000000	95.041748	159.2347
243.000000	95.076347	159.0756
247.000000	95.025215	159.4307
250.000000	94.984436	159.7330
254.000000	94.932922	160.1499
258.000000	94.881981	160.5301
262.000000	94.834976	160.9163
265.000000	94.800812	161.2441
269.000000	94.758072	161.6270
272.000000	94.721786	161.9264
276.000000	94.686142	162.3214
280.000000	94.640945	162.7146
285.000000	94.591194	163.2036
290.000000	94.548599	163.6517
295.000000	94.505730	164.1531
300.000000	94.462120	165.1459
304.000000	94.431717	164.9547
307.000000	94.402573	165.2553
311.000000	94.374191	165.6418
315.000000	94.341820	165.9797
320.000000	94.303925	166.4284
325.000000	94.266449	166.8822
330.000000	94.234604	167.3485
335.000000	94.204247	167.7704
340.000000	94.173965	168.2074
345.000000	94.142227	168.6381
350.000000	94.112808	169.0672
355.000000	94.078156	169.4823
360.000000	94.027702	169.9137
365.000000	94.025108	170.3313
370.000000	93.999939	170.7365
375.000000	93.977264	171.1481
382.000000	93.942787	171.7029
387.000000	93.917854	172.1264
395.000000	93.881622	172.7467
400.000000	93.864746	173.1406
406.000000	93.840240	173.6184
412.000000	93.812988	174.0705
418.000000	93.792847	174.5328
425.000000	93.766434	175.0796
431.000000	93.742950	175.5287
437.000000	93.728111	175.9567
444.000000	93.701332	176.5181
450.000000	93.682541	176.9467
455.000000	93.668503	177.3182
462.000000	93.651787	177.7978
468.000000	93.628853	178.2584
475.000000	93.613373	178.7715
482.000000	93.601509	179.2190
487.000000	93.583221	179.5924
494.000000	93.569389	-179.8838
500.000000	93.553749	-179.4950
508.000000	93.529694	-178.9064
515.000000	93.524429	-178.4402
522.000000	93.508240	-177.9243
530.000000	93.493385	-177.4035
538.000000	93.489258	-176.8276
545.000000	93.470718	-176.3577
552.000000	93.457611	-175.8741
560.000000	93.447433	-175.3186
570.000000	93.438362	-174.6349
580.000000	93.423782	-173.9513
590.000000	93.414505	-173.2880
600.000000	93.399521	-172.6670
608.000000	93.402153	-172.0818
615.000000	93.395988	-171.5962
622.000000	93.395515	-171.1187
630.000000	93.386993	-170.5878
640.000000	93.384567	-169.8970
650.000000	93.382996	-169.2229
660.000000	93.411324	-168.2866
670.000000	93.385101	-167.8365
680.000000	93.387375	-167.1870
690.000000	93.391266	-166.4803
700.000000	93.398285	-165.8182
710.000000	93.407310	-165.1106
720.000000	93.416153	-164.4948
730.000000	93.432907	-163.7368
740.000000	93.451912	-163.0665
750.000000	93.467796	-162.3540
762.000000	93.485374	-161.5467
775.000000	93.521393	-160.6503
788.000000	93.550774	-159.7856
800.000000	93.585724	-158.9989
812.000000	93.618896	-158.2184
825.000000	93.667938	-157.3643
838.000000	93.704414	-156.5223
850.000000	93.753967	-155.7344
862.000000	93.795998	-154.9742
875.000000	93.853325	-154.1401
885.000000	93.899658	-153.5204
900.000000	93.967590	-152.9104
912.000000	94.021713	-151.8720
925.000000	94.096077	-151.0602
938.000000	94.161339	-150.2889
950.000000	94.234650	-149.6080
962.000000	94.305222	-148.9088
975.000000	94.389290	-148.2092
988.000000	94.477219	-147.5183
1000.000000	94.563026	-146.8950
1015.000000	94.664787	-146.1508
1030.000000	94.781265	-145.4499
1044.000000	94.883102	-144.8218
1060.000000	95.009964	-144.1725
1075.000000	95.127808	-143.6000
1090.000000	95.246460	-143.0595
1106.000000	95.375298	-142.5438
1120.000000	95.485794	-142.1395
1138.000000	95.626686	-141.6102
1150.000000	95.726067	-141.3357
1172.000000	95.891586	-140.8575
1180.000000	95.955643	-140.7085
1206.000000	96.141617	-140.2747
1220.000000	96.246155	-140.0709
1241.000000	96.393486	-139.7942
1250.000000	96.456985	-139.7161
1265.000000	96.557350	-139.5379
1280.000000	96.646240	-139.4096
1315.000000	96.864609	-139.1118
1320.000000	96.906067	-139.1543
1340.000000	97.008827	-138.9325
1360.000000	97.121170	-138.8197
1380.000000	97.212799	-138.8139
1400.000000	97.332993	-138.5996
1430.000000	97.483536	-138.4264
1450.000000	97.578896	-138.3271
1475.000000	97.703636	-138.2086
1500.000000	97.810310	-138.0715
1525.000000	97.933151	-137.9667
1550.000000	98.053307	-137.8601
1575.000000	98.162727	-137.7733
1600.000000	98.277786	-137.6879
1625.000000	98.390915	-137.6037
1650.000000	98.501068	-137.5347
1675.000000	98.610504	-137.4928
1700.000000	98.716667	-137.4436
1725.000000	98.828300	-137.4298
1750.000000	98.937248	-137.4303
1775.000000	99.043915	-137.4628
1800.000000	99.153343	-137.5021
1825.000000	99.258842	-137.5591
1850.000000	99.364395	-137.6431
1875.000000	99.464447	-137.7506
1900.000000	99.567245	-137.8681
1925.000000	99.664886	-138.0015
1950.000000	99.763535	-138.1714
1975.000000	99.854897	-138.3738
2000.000000	99.948593	-138.5688
2030.000000	100.055847	-138.8421
2060.000000	100.153053	-139.1401
2090.000000	100.255028	-139.4650
2120.000000	100.348183	-139.8243
2140.000000	100.407120	-140.0581
2180.000000	100.517067	-140.6046
2200.000000	100.570251	-140.8731
2240.000000	100.660606	-141.4466
2270.000000	100.723198	-141.8928
2300.000000	100.776459	-142.3138
2330.000000	100.823021	-142.7693
2360.000000	100.864143	-143.2130
2400.000000	100.908463	-143.7798
2430.000000	100.938576	-144.1790
2470.000000	100.965454	-144.6959
2500.000000	100.980042	-145.0607
2540.000000	100.991699	-145.5082
2580.000000	100.996964	-145.9483
2620.000000	100.993423	-146.2955
2650.000000	100.988297	-146.5195
2690.000000	100.974937	-146.7836
2720.000000	100.963860	-146.9232
2760.000000	100.942467	-147.0721
2800.000000	100.923180	-147.1469
2850.000000	100.901634	-147.0979
2900.000000	100.878387	-146.9174
2950.000000	100.877510	-146.5828
3000.000000	100.900208	-146.1714
3040.000000	100.941528	-145.8324
3070.000000	100.986481	-145.5821
3110.000000	101.059982	-145.4156
3150.000000	101.135078	-145.3372
3200.000000	101.228104	-145.3751
3250.000000	101.317520	-145.4792
3300.000000	101.397774	-145.6609
3350.000000	101.470856	-145.8658
3400.000000	101.536072	-146.1276
3450.000000	101.600616	-146.3746
3500.000000	101.659653	-146.6173
3550.000000	101.715347	-146.8680
3600.000000	101.770416	-147.1163
3650.000000	101.830902	-147.3013
3700.000000	101.898811	-147.5197
3750.000000	101.971024	-147.7747
3820.000000	102.086067	-148.2411
3870.000000	102.168495	-148.6548
3950.000000	102.300545	-149.4755
4000.000000	102.390015	-150.0814
4060.000000	102.489891	-150.9647
4120.000000	102.577484	-151.9689
4180.000000	102.648750	-153.1529
4250.000000	102.710213	-154.6303
4310.000000	102.736610	-155.9808
4370.000000	102.737473	-157.3340
4440.000000	102.714928	-158.9720
4500.000000	102.679794	-160.3503
4550.000000	102.634895	-161.5258
4620.000000	102.549484	-163.1913
4680.000000	102.456406	-164.5854
4750.000000	102.318466	-166.2376
4820.000000	102.153557	-167.8237
4870.000000	102.017685	-168.9515
4940.000000	101.801468	-170.3704
5000.000000	101.596802	-171.5103
5080.000000	101.294640	-172.7970
5150.000000	101.024353	-173.7582
5220.000000	100.730728	-174.5630
5300.000000	100.394196	-175.3032
5380.000000	100.046928	-175.8495
5450.000000	99.730736	-176.1724
5520.000000	99.414200	-176.3358
5600.000000	99.041618	-176.2559
5700.000000	98.580925	-175.7370
5800.000000	98.152130	-174.7797
5900.000000	97.771149	-173.4733
6000.000000	97.441399	-171.9350
6080.000000	97.210411	-170.6653
6150.000000	97.033829	-169.5094
6220.000000	96.878525	-168.3134
6300.000000	96.729294	-166.9113
6400.000000	96.577263	-165.1409
6500.000000	96.463783	-163.3014
6600.000000	96.392097	-161.5133
6700.000000	96.369171	-159.6588
6800.000000	96.407974	-157.9363
6900.000000	96.499901	-156.2605
7000.000000	96.664299	-154.7898
7100.000000	96.884621	-153.6010
7200.000000	97.179932	-152.8125
7300.000000	97.535065	-152.5533
7400.000000	97.923538	-152.8776
7500.000000	98.348167	-153.9415
7620.000000	98.908104	-156.3254
7750.000000	99.483688	-160.6502
7880.000000	99.946472	-167.2086
8000.000000	100.090500	-175.1247
8120.000000	99.800354	176.0992
8250.000000	98.993286	167.7341
8380.000000	97.888229	161.5784
8500.000000	96.795082	158.0776
8620.000000	95.737740	156.1361
8750.000000	94.626083	155.3198
8850.000000	93.851196	155.2583
9000.000000	92.819542	156.2512
9120.000000	92.054153	157.1947
9250.000000	91.320442	158.7251
9380.000000	90.665192	160.4549
9500.000000	90.116211	162.3210
9620.000000	89.647263	163.9000
9750.000000	89.162476	165.9211
9880.000000	88.717628	167.9713
10000.000000	88.364235	169.9548
10150.000000	87.956558	172.2122
10300.000000	87.572807	174.6673
10440.000000	87.247322	176.9625
10600.000000	86.857925	179.9574
10750.000000	86.549606	-176.6174
10900.000000	86.272545	-172.6749
11060.000000	86.103645	-167.2161
11200.000000	86.168198	-161.1140
11380.000000	86.873596	-152.1211
11500.000000	87.784958	-147.2188
11720.000000	90.191406	-145.1561
11800.000000	91.038574	-146.8939
12060.000000	92.941811	-156.9227
12200.000000	93.582611	-162.8124
12410.000000	94.367180	-170.5569
12500.000000	94.719772	-173.7466
12650.000000	95.370987	-179.1532
12800.000000	96.102234	174.8632
13150.000000	98.187523	155.1853
13200.000000	98.504944	151.3526
13400.000000	99.498680	132.8893
13600.000000	99.698112	110.3136
13800.000000	98.836029	88.1894
14000.000000	97.339859	70.2713
14300.000000	95.015312	50.9012
14500.000000	93.719116	41.0559
14750.000000	92.457138	29.7060
15000.000000	91.589249	18.5424
15250.000000	91.147049	6.7713
15500.000000	91.052231	-6.9221
15750.000000	91.245911	-23.0615
16000.000000	91.671402	-42.6310
16250.000000	92.260834	-66.3579
16500.000000	92.779694	-95.4697
16750.000000	92.797943	-130.0955
17000.000000	91.948128	-167.7855
17250.000000	90.327179	155.7168
17500.000000	88.497482	121.7764
17750.000000	86.780685	86.9084
18000.000000	85.031693	52.2698
18250.000000	83.512810	14.1451
18500.000000	81.588837	-27.0266
18750.000000	79.752411	-68.5190
19000.000000	78.352539	-115.4871
19250.000000	77.130241	-170.6038
19500.000000	75.466240	122.7974
19750.000000	73.279022	45.2626
