* Measurement data measured by REW V5.20
* Source: USB-C to 3.5mm Headphone Jack Adapter, USB-C to 3.5mm Headphone Jack Adapter, 0, volume: 0.138
* Format: 256k Log Swept Sine, 1 sweep at -12.0 dBFS with no timing reference
* Dated: Nov 3, 2022 7:54:42 PM
* REW Settings:
*  C-weighting compensation: Off
*  Target level: 75.0 dB
* Note: ; 
* Measurement: Berlin L
* Smoothing: None
* Frequency Step: 1/48 octave
* Start Frequency: 20.300 Hz
*
* Freq(Hz)	SPL(dB)	Phase(degrees)
20.299999	102.752472	165.7474
20.600000	102.748032	164.6973
20.900000	102.735367	163.7465
21.200001	102.719818	162.7972
21.400000	102.708679	162.1603
21.799999	102.684647	160.8793
22.000000	102.671661	160.2404
22.400000	102.644012	158.9817
22.700001	102.623032	158.0676
23.000000	102.603470	157.1814
23.299999	102.586601	156.3157
23.600000	102.572762	155.4564
24.000000	102.556976	154.2946
24.299999	102.544075	153.4034
24.700001	102.520905	152.2001
25.000000	102.497726	151.3083
25.400000	102.460770	150.1648
25.799999	102.422401	149.0869
26.200001	102.388313	148.0507
26.500000	102.366508	147.2719
26.900000	102.339378	146.1979
27.200001	102.317192	145.3585
27.600000	102.281090	144.2125
28.000000	102.236862	143.0719
28.500000	102.175140	141.7019
29.000000	102.113708	140.3976
29.500000	102.053520	139.1246
30.000000	101.988922	137.8607
30.400000	101.931114	136.8625
30.700001	101.884270	136.1267
31.100000	101.818436	135.1630
31.500000	101.749756	134.2120
32.000000	101.659302	133.0334
32.500000	101.561874	131.8762
33.000000	101.457420	130.7626
33.500000	101.347641	129.7010
34.000000	101.232651	128.6846
34.500000	101.110397	127.7162
35.000000	100.979836	126.8210
35.500000	100.843224	126.0269
36.000000	100.704399	125.3440
36.500000	100.565727	124.7681
37.000000	100.428223	124.2988
37.500000	100.294037	123.9444
38.200001	100.120155	123.6495
38.700001	100.012779	123.5717
39.500000	99.881760	123.6160
40.000000	99.829094	123.6902
40.599998	99.793831	123.7506
41.200001	99.782234	123.7371
41.799999	99.788818	123.6432
42.500000	99.817307	123.4224
43.099998	99.855232	123.1007
43.700001	99.896179	122.6386
44.400002	99.938499	121.9655
45.000000	99.971046	121.3183
45.500000	99.997604	120.7307
46.200001	100.029907	119.8176
46.799999	100.045837	118.9690
47.500000	100.049080	117.9539
48.200001	100.041481	116.9176
48.700001	100.029243	116.1514
49.400002	99.998337	115.0786
50.000000	99.961823	114.2176
50.799999	99.909790	113.1578
51.500000	99.859238	112.2412
52.200001	99.795204	111.3266
53.000000	99.710999	110.3356
53.799999	99.627884	109.3966
54.500000	99.554771	108.6175
55.200001	99.477043	107.9202
56.000000	99.383362	107.2403
57.000000	99.265274	106.5051
58.000000	99.153763	105.8581
59.000000	99.051178	105.3795
60.000000	98.958527	105.0901
60.799999	98.888283	104.9251
61.500000	98.834053	104.8252
62.200001	98.795670	104.7606
63.000000	98.769394	104.7148
64.000000	98.752792	104.7484
65.000000	98.761978	104.8156
66.000000	98.793304	104.7865
67.000000	98.846512	104.7344
68.000000	98.924805	104.6428
69.000000	99.016457	104.4792
70.000000	99.123856	104.2343
71.000000	99.242989	103.8521
72.000000	99.364548	103.3556
73.000000	99.490662	102.7557
74.000000	99.622200	102.0489
75.000000	99.759247	101.2513
76.199997	99.922699	100.1707
77.500000	100.090027	98.9115
78.800003	100.251434	97.5050
80.000000	100.388992	96.1042
81.199997	100.527328	94.6294
82.500000	100.666603	92.9672
83.800003	100.789429	91.2338
85.000000	100.894897	89.5758
86.199997	100.996971	87.8416
87.500000	101.094307	85.9766
88.500000	101.164223	84.5372
90.000000	101.261459	82.3206
91.199997	101.331848	80.4859
92.500000	101.391663	78.4627
93.800003	101.444489	76.4340
95.000000	101.478333	74.5216
96.199997	101.504272	72.6607
97.500000	101.527008	70.6180
98.800003	101.535645	68.5966
100.000000	101.533623	66.7476
101.500000	101.522888	64.4636
103.000000	101.499832	62.2063
104.400002	101.474350	60.1237
106.000000	101.432343	57.8067
107.500000	101.383278	55.6605
109.000000	101.328529	53.5741
110.599998	101.265747	51.4121
112.000000	101.202232	49.5461
113.800003	101.115944	47.2225
115.000000	101.057640	45.7261
117.199997	100.942429	43.0339
118.000000	100.900085	42.0881
120.599998	100.762199	39.0879
122.000000	100.681786	37.5508
124.099998	100.568176	35.2699
125.000000	100.518127	34.3255
126.500000	100.434799	32.7849
128.000000	100.355988	31.2574
131.500000	100.168480	27.8204
132.000000	100.141830	27.3413
134.000000	100.036346	25.4696
136.000000	99.933922	23.6325
138.000000	99.830963	21.8373
140.000000	99.730141	20.1175
143.000000	99.579605	17.5946
145.000000	99.478371	15.9664
147.500000	99.361725	14.0435
150.000000	99.243835	12.2331
152.500000	99.146500	10.5648
155.000000	99.068527	9.0661
157.500000	99.030914	7.5629
160.000000	99.038940	5.9951
162.500000	99.068588	4.1287
165.000000	99.098831	2.0596
167.500000	99.110626	-0.2290
170.000000	99.101944	-2.6111
172.500000	99.070168	-5.0029
175.000000	99.021461	-7.3885
177.500000	98.958122	-9.7259
180.000000	98.906273	-12.0891
182.500000	98.820160	-14.2234
185.000000	98.739479	-16.4293
187.500000	98.659454	-18.5593
190.000000	98.576492	-20.6601
192.500000	98.493973	-22.7565
195.000000	98.410522	-24.7919
197.500000	98.324203	-26.8168
200.000000	98.239876	-28.8084
203.000000	98.135963	-31.1931
206.000000	98.029724	-33.5236
209.000000	97.921608	-35.8193
212.000000	97.814491	-38.1031
214.000000	97.741745	-39.5753
218.000000	97.593658	-42.5018
220.000000	97.515923	-43.9508
224.000000	97.366287	-46.7790
227.000000	97.255096	-48.8381
230.000000	97.143311	-50.8534
233.000000	97.032005	-52.8601
236.000000	96.923538	-54.8098
240.000000	96.785721	-57.4099
243.000000	96.665726	-59.2517
247.000000	96.516022	-61.6274
250.000000	96.410446	-63.3148
254.000000	96.277611	-65.4302
258.000000	96.177895	-67.3915
262.000000	96.127502	-69.3820
265.000000	96.111855	-71.0533
269.000000	96.090637	-73.5633
272.000000	96.055817	-75.5859
276.000000	95.979424	-78.2809
280.000000	95.878212	-80.9313
285.000000	95.742744	-84.0770
290.000000	95.598579	-87.0351
295.000000	95.462769	-89.9289
300.000000	95.329048	-92.7039
304.000000	95.226364	-94.9450
307.000000	95.153625	-96.5643
311.000000	95.055717	-98.6589
315.000000	94.965019	-100.7646
320.000000	94.847603	-103.3593
325.000000	94.746933	-105.9291
330.000000	94.642990	-108.4908
335.000000	94.547066	-111.0019
340.000000	94.454330	-113.4650
345.000000	94.369293	-115.9509
350.000000	94.283295	-118.4077
355.000000	94.199219	-120.8377
360.000000	94.119049	-123.2578
365.000000	94.044121	-125.6685
370.000000	93.972710	-128.0427
375.000000	93.901047	-130.4302
382.000000	93.807419	-133.6892
387.000000	93.739960	-136.0009
395.000000	93.643021	-139.6623
400.000000	93.586220	-141.9848
406.000000	93.516602	-144.7158
412.000000	93.454147	-147.4452
418.000000	93.393242	-150.1218
425.000000	93.328102	-153.2812
431.000000	93.271416	-155.9262
437.000000	93.215469	-158.6017
444.000000	93.159508	-161.6506
450.000000	93.109589	-164.2614
455.000000	93.069687	-166.4377
462.000000	93.020439	-169.4734
468.000000	92.981804	-172.0769
475.000000	92.932716	-175.0658
482.000000	92.884628	-178.0461
487.000000	92.855072	179.8195
494.000000	92.816780	176.8690
500.000000	92.784622	174.3564
508.000000	92.740639	171.0447
515.000000	92.708504	168.1262
522.000000	92.674301	165.2379
530.000000	92.638908	162.0032
538.000000	92.611908	158.7139
545.000000	92.579620	155.8652
552.000000	92.559639	153.0421
560.000000	92.529930	149.8419
570.000000	92.499344	145.8632
580.000000	92.466873	141.9383
590.000000	92.443810	137.9960
600.000000	92.419144	134.1213
608.000000	92.406570	131.0253
615.000000	92.389572	128.3145
622.000000	92.378471	125.6275
630.000000	92.363686	122.6039
640.000000	92.354530	118.8281
650.000000	92.348869	115.0692
660.000000	92.337875	111.3281
670.000000	92.334831	107.6677
680.000000	92.334351	104.0029
690.000000	92.336792	100.3550
700.000000	92.336578	96.7232
710.000000	92.342926	93.1391
720.000000	92.351036	89.5963
730.000000	92.361160	86.0644
740.000000	92.370201	82.5489
750.000000	92.389465	79.0543
762.000000	92.408501	74.9200
775.000000	92.434998	70.4419
788.000000	92.459595	66.0554
800.000000	92.492935	62.0086
812.000000	92.531540	57.9944
825.000000	92.574585	53.6867
838.000000	92.623215	49.4290
850.000000	92.669998	45.5086
862.000000	92.726074	41.6407
875.000000	92.783821	37.4492
885.000000	92.832657	34.2454
900.000000	92.914192	29.4943
912.000000	92.984138	25.7341
925.000000	93.068260	21.6418
938.000000	93.151619	17.5724
950.000000	93.235184	13.8349
962.000000	93.322784	10.0745
975.000000	93.420341	6.0759
988.000000	93.523178	2.0298
1000.000000	93.621727	-1.6646
1015.000000	93.753922	-6.3044
1030.000000	93.882866	-10.8776
1044.000000	94.014763	-15.1840
1060.000000	94.162781	-20.1160
1075.000000	94.309517	-24.7456
1090.000000	94.453949	-29.3550
1106.000000	94.609215	-34.2764
1120.000000	94.749519	-38.6353
1138.000000	94.926949	-44.1906
1150.000000	95.045815	-47.8901
1172.000000	95.265060	-54.7013
1180.000000	95.341324	-57.1666
1206.000000	95.591225	-65.1922
1220.000000	95.727196	-69.5056
1241.000000	95.924782	-75.9570
1250.000000	96.005798	-78.7216
1265.000000	96.140686	-83.3039
1280.000000	96.277046	-87.8577
1315.000000	96.582191	-98.4133
1320.000000	96.624352	-99.9161
1340.000000	96.794243	-105.8916
1360.000000	96.964233	-111.7947
1380.000000	97.128593	-117.6545
1400.000000	97.294998	-123.4850
1430.000000	97.544533	-132.1431
1450.000000	97.707840	-137.8409
1475.000000	97.911934	-144.8914
1500.000000	98.123436	-151.8651
1525.000000	98.337196	-158.7847
1550.000000	98.549042	-165.6207
1575.000000	98.770241	-172.4050
1600.000000	98.983231	-179.1148
1625.000000	99.216484	174.1246
1650.000000	99.446922	167.4449
1675.000000	99.683868	160.8291
1700.000000	99.926743	154.2446
1725.000000	100.175819	147.6888
1750.000000	100.428391	141.1799
1775.000000	100.690536	134.6899
1800.000000	100.958748	128.2101
1825.000000	101.231567	121.7092
1850.000000	101.505898	115.1957
1875.000000	101.789711	108.6633
1900.000000	102.077667	102.0952
1925.000000	102.370270	95.5095
1950.000000	102.666000	88.8694
1975.000000	102.964195	82.1971
2000.000000	103.259544	75.4491
2030.000000	103.617126	67.2903
2060.000000	103.968407	59.0442
2090.000000	104.318138	50.6857
2120.000000	104.657326	42.2108
2140.000000	104.874252	36.5027
2180.000000	105.288124	24.8315
2200.000000	105.476021	18.9144
2240.000000	105.806503	6.8726
2270.000000	106.008888	-2.2332
2300.000000	106.173279	-11.3109
2330.000000	106.305748	-20.3978
2360.000000	106.402557	-29.4922
2400.000000	106.460312	-41.5393
2430.000000	106.460205	-50.5251
2470.000000	106.393463	-62.2702
2500.000000	106.294258	-70.8725
2540.000000	106.116043	-82.0345
2580.000000	105.883080	-92.7875
2620.000000	105.612892	-103.1227
2650.000000	105.384796	-110.6056
2690.000000	105.065659	-120.2115
2720.000000	104.809677	-127.1304
2760.000000	104.459373	-136.0022
2800.000000	104.093193	-144.4817
2850.000000	103.632614	-154.5656
2900.000000	103.185005	-164.0240
2950.000000	102.744987	-173.0378
3000.000000	102.327408	178.3708
3040.000000	102.006905	171.7471
3070.000000	101.770355	166.8733
3110.000000	101.455391	160.5105
3150.000000	101.136734	154.3062
3200.000000	100.720734	146.7595
3250.000000	100.322845	139.6187
3300.000000	99.909172	132.7333
3350.000000	99.474472	126.1826
3400.000000	99.033096	119.9664
3450.000000	98.572823	114.1517
3500.000000	98.102371	108.7159
3550.000000	97.631058	103.7749
3600.000000	97.149788	99.3491
3650.000000	96.668335	95.4244
3700.000000	96.196693	92.1262
3750.000000	95.752609	89.5208
3820.000000	95.211044	86.9580
3870.000000	94.919525	85.9768
3950.000000	94.661560	85.2419
4000.000000	94.636719	85.0073
4060.000000	94.810051	84.9668
4120.000000	95.112694	84.4973
4180.000000	95.527100	83.5328
4250.000000	96.096794	81.6685
4310.000000	96.628510	79.4680
4370.000000	97.169731	76.7679
4440.000000	97.796448	73.1335
4500.000000	98.309738	69.7935
4550.000000	98.735390	66.8267
4620.000000	99.327339	62.4359
4680.000000	99.813301	58.4163
4750.000000	100.339806	53.5342
4820.000000	100.830276	48.5699
4870.000000	101.156693	44.9692
4940.000000	101.584137	39.8794
5000.000000	101.922913	35.5234
5080.000000	102.336899	29.7638
5150.000000	102.659058	24.7783
5220.000000	102.950371	19.8604
5300.000000	103.254456	14.3650
5380.000000	103.520950	8.9880
5450.000000	103.720528	4.3810
5520.000000	103.895226	-0.1586
5600.000000	104.056404	-5.2465
5700.000000	104.192406	-11.3639
5800.000000	104.257393	-17.1782
5900.000000	104.246902	-22.7554
6000.000000	104.174606	-27.8138
6080.000000	104.072029	-31.5181
6150.000000	103.956490	-34.4714
6220.000000	103.814598	-37.1108
6300.000000	103.632736	-39.7788
6400.000000	103.376221	-42.6060
6500.000000	103.095879	-44.6184
6600.000000	102.809654	-46.0845
6700.000000	102.521202	-46.8867
6800.000000	102.240807	-47.1057
6900.000000	101.988113	-46.7513
7000.000000	101.756958	-45.8746
7100.000000	101.570953	-44.4626
7200.000000	101.430664	-42.7168
7300.000000	101.360703	-40.6119
7400.000000	101.350441	-38.4014
7500.000000	101.392311	-36.2537
7620.000000	101.512497	-33.9943
7750.000000	101.642632	-32.3322
7880.000000	101.666321	-31.4521
8000.000000	101.508339	-30.9464
8120.000000	101.125381	-29.9663
8250.000000	100.529655	-27.7838
8380.000000	99.842667	-24.0011
8500.000000	99.198952	-19.3575
8620.000000	98.559311	-13.7369
8750.000000	97.867653	-6.6135
8850.000000	97.360062	-0.4137
9000.000000	96.652122	9.9562
9120.000000	96.159363	19.0502
9250.000000	95.683990	29.4146
9380.000000	95.261917	40.3141
9500.000000	94.910233	50.9672
9620.000000	94.618553	61.9246
9750.000000	94.351852	74.2299
9880.000000	94.134178	87.0048
10000.000000	93.985245	99.1033
10150.000000	93.867477	114.5907
10300.000000	93.821938	130.4829
10440.000000	93.847244	145.7444
10600.000000	93.957191	163.4862
10750.000000	94.110863	-179.6733
10900.000000	94.368973	-162.5953
11060.000000	94.726013	-144.0906
11200.000000	95.126541	-127.7629
11380.000000	95.756851	-106.7100
11500.000000	96.269119	-92.7876
11720.000000	97.400177	-67.6089
11800.000000	97.869225	-58.6927
12060.000000	99.698853	-31.2634
12200.000000	100.850067	-18.1867
12410.000000	102.683090	-2.5423
12500.000000	103.408943	2.2180
12650.000000	104.269554	7.2830
12800.000000	104.395828	10.4639
13150.000000	102.106956	26.8856
13200.000000	101.667305	30.9138
13400.000000	99.974998	49.9821
13600.000000	98.499763	72.6274
13800.000000	97.263412	97.3050
14000.000000	96.266228	123.4949
14300.000000	95.095932	164.0831
14500.000000	94.518677	-168.4286
14750.000000	93.988029	-133.9103
15000.000000	93.644623	-99.5538
15250.000000	93.418106	-65.7668
15500.000000	93.308098	-32.8913
15750.000000	93.248062	-1.0533
16000.000000	93.230667	29.3925
16250.000000	93.255219	57.4643
16500.000000	93.099808	81.0702
16750.000000	91.951172	100.0724
17000.000000	88.970413	121.1661
17250.000000	86.629974	166.9642
17500.000000	86.103142	-172.5730
17750.000000	82.632027	-145.7791
18000.000000	79.664337	-105.5085
18250.000000	78.313454	-65.1905
18500.000000	77.280548	-31.0389
18750.000000	76.322037	-1.2224
19000.000000	34.648155	-70.2799
19250.000000	25.812374	140.7930
19500.000000	25.103767	-72.5820
19750.000000	30.552307	76.3691
