* Measurement data measured by REW V5.20.13
* Source: Input device not selected, no input selected, L, volume: no control
* Format: 512k Log Swept Sine, 1 sweep at -12.0 dBFS with no timing reference
* Dated: Mar 20, 2023 12:50:56 PM
* REW Settings:
*  C-weighting compensation: Off
*  Target level: 75.0 dB
* Note: 
* Measurement: KZ AS16 Pro Hi-IMP L
* Smoothing: None
* Frequency Step: 1/48 octave
* Start Frequency: 20.000 Hz
*
* Freq(Hz)	SPL(dB)	Phase(degrees)
20.000000	103.312	-6.0725
20.299999	103.321	-6.4180
20.600000	103.327	-6.7798
20.900000	103.330	-7.1413
21.200001	103.329	-7.4941
21.400000	103.328	-7.7146
21.799999	103.327	-8.1107
22.000000	103.329	-8.2973
22.400000	103.337	-8.6757
22.700001	103.345	-8.9777
23.000000	103.352	-9.2994
23.299999	103.355	-9.6335
23.600000	103.355	-9.9585
24.000000	103.353	-10.3524
24.299999	103.353	-10.6281
24.700001	103.357	-10.9880
25.000000	103.362	-11.2705
25.400000	103.367	-11.6741
25.799999	103.367	-12.0721
26.200001	103.365	-12.4403
26.500000	103.366	-12.6994
26.900000	103.370	-13.0516
27.200001	103.374	-13.3504
27.600000	103.373	-13.7869
28.000000	103.363	-14.2196
28.500000	103.343	-14.6797
29.000000	103.332	-15.0473
29.500000	103.339	-15.4524
30.000000	103.344	-15.9697
30.400000	103.337	-16.4187
30.700001	103.325	-16.7189
31.100000	103.308	-17.0386
31.500000	103.300	-17.3001
32.000000	103.306	-17.6569
32.500000	103.314	-18.1341
33.000000	103.307	-18.6593
33.500000	103.284	-19.1190
34.000000	103.259	-19.4759
34.500000	103.253	-19.8081
35.000000	103.254	-20.1822
35.500000	103.251	-20.6092
36.000000	103.243	-21.0433
36.500000	103.232	-21.4642
37.000000	103.221	-21.8639
37.500000	103.210	-22.2547
38.200001	103.190	-22.7885
38.700001	103.178	-23.1654
39.500000	103.158	-23.7737
40.000000	103.145	-24.1609
40.599998	103.126	-24.6209
41.200001	103.107	-25.0554
41.799999	103.091	-25.4874
42.500000	103.069	-26.0223
43.099998	103.044	-26.4661
43.700001	103.020	-26.8595
44.400002	103.001	-27.3213
45.000000	102.984	-27.7653
45.500000	102.966	-28.1332
46.200001	102.941	-28.6030
46.799999	102.926	-29.0202
47.500000	102.904	-29.5590
48.200001	102.875	-30.0758
48.700001	102.855	-30.4214
49.400002	102.824	-30.9030
50.000000	102.793	-31.2867
50.799999	102.763	-31.7247
51.500000	102.744	-32.1467
52.200001	102.717	-32.6006
53.000000	102.682	-33.0567
53.799999	102.657	-33.5206
54.500000	102.628	-33.9667
55.200001	102.594	-34.3638
56.000000	102.567	-34.7896
57.000000	102.532	-35.4070
58.000000	102.487	-35.9113
59.000000	102.469	-36.3832
60.000000	102.445	-37.0148
60.799999	102.415	-37.4283
61.500000	102.404	-37.7775
62.200001	102.395	-38.2356
63.000000	102.367	-38.7962
64.000000	102.325	-39.4163
65.000000	102.286	-40.0451
66.000000	102.244	-40.6705
67.000000	102.199	-41.2876
68.000000	102.157	-41.8586
69.000000	102.118	-42.4524
70.000000	102.072	-43.0069
71.000000	102.035	-43.5241
72.000000	101.993	-44.0982
73.000000	101.944	-44.6014
74.000000	101.907	-45.0989
75.000000	101.862	-45.6610
76.199997	101.803	-46.2736
77.500000	101.748	-46.9284
78.800003	101.692	-47.6359
80.000000	101.634	-48.2248
81.199997	101.584	-48.8275
82.500000	101.519	-49.4675
83.800003	101.462	-50.0745
85.000000	101.399	-50.6692
86.199997	101.341	-51.1740
87.500000	101.282	-51.7714
88.500000	101.234	-52.2065
90.000000	101.169	-52.8850
91.199997	101.111	-53.4102
92.500000	101.051	-53.9910
93.800003	100.985	-54.5351
95.000000	100.930	-55.0367
96.199997	100.874	-55.5419
97.500000	100.809	-56.0850
98.800003	100.758	-56.6413
100.000000	100.687	-57.1938
101.500000	100.619	-57.6834
103.000000	100.543	-58.3169
104.400002	100.483	-58.8042
106.000000	100.404	-59.4129
107.500000	100.328	-59.9450
109.000000	100.250	-60.5008
110.599998	100.165	-61.0536
112.000000	100.091	-61.5450
113.800003	99.998	-62.1025
115.000000	99.934	-62.4298
117.199997	99.802	-62.9849
118.000000	99.763	-63.2508
120.599998	99.616	-63.4829
122.000000	99.518	-64.1516
124.099998	99.390	-64.4037
125.000000	99.336	-64.4157
126.500000	99.265	-64.4055
128.000000	99.201	-64.2266
131.500000	99.178	-63.3783
132.000000	99.194	-63.2941
134.000000	99.322	-63.0769
136.000000	99.497	-63.6808
138.000000	99.625	-65.0443
140.000000	99.666	-66.6997
143.000000	99.587	-68.9891
145.000000	99.495	-70.1983
147.500000	99.362	-71.4759
150.000000	99.242	-72.6254
152.500000	99.104	-73.5366
155.000000	98.978	-74.3901
157.500000	98.858	-75.1881
160.000000	98.745	-75.9323
162.500000	98.634	-76.6395
165.000000	98.529	-77.3145
167.500000	98.424	-77.9726
170.000000	98.323	-78.6080
172.500000	98.232	-79.2137
175.000000	98.142	-79.8130
177.500000	98.055	-80.4034
180.000000	97.969	-80.9630
182.500000	97.886	-81.5221
185.000000	97.804	-82.0631
187.500000	97.721	-82.6009
190.000000	97.641	-83.1316
192.500000	97.561	-83.6444
195.000000	97.477	-84.1495
197.500000	97.396	-84.6597
200.000000	97.315	-85.2021
203.000000	97.221	-85.6695
206.000000	97.131	-86.1938
209.000000	97.042	-86.7559
212.000000	96.957	-87.2959
214.000000	96.897	-87.6480
218.000000	96.781	-88.3531
220.000000	96.723	-88.6809
224.000000	96.611	-89.3314
227.000000	96.528	-89.8088
230.000000	96.448	-90.2899
233.000000	96.370	-90.7245
236.000000	96.288	-91.1628
240.000000	96.184	-91.7332
243.000000	96.109	-92.1488
247.000000	96.010	-92.7271
250.000000	95.932	-93.2007
254.000000	95.855	-93.6421
258.000000	95.767	-94.1177
262.000000	95.675	-94.6077
265.000000	95.616	-94.9705
269.000000	95.535	-95.4286
272.000000	95.475	-95.7530
276.000000	95.396	-96.1769
280.000000	95.320	-96.5745
285.000000	95.231	-97.0731
290.000000	95.147	-97.5447
295.000000	95.061	-98.0460
300.000000	94.990	-98.5612
304.000000	94.927	-98.8881
307.000000	94.879	-99.1772
311.000000	94.817	-99.5515
315.000000	94.757	-99.9052
320.000000	94.684	-100.3282
325.000000	94.615	-100.7587
330.000000	94.550	-101.1729
335.000000	94.486	-101.5952
340.000000	94.425	-102.0125
345.000000	94.361	-102.4218
350.000000	94.301	-102.8556
355.000000	94.244	-103.1714
360.000000	94.183	-103.5352
365.000000	94.128	-103.8791
370.000000	94.070	-104.1957
375.000000	94.018	-104.4992
382.000000	93.949	-104.9322
387.000000	93.903	-105.2072
395.000000	93.836	-105.6294
400.000000	93.784	-105.9236
406.000000	93.754	-106.1978
412.000000	93.711	-106.4845
418.000000	93.673	-106.7598
425.000000	93.629	-107.0439
431.000000	93.596	-107.2915
437.000000	93.563	-107.5016
444.000000	93.532	-107.7515
450.000000	93.506	-107.9712
455.000000	93.491	-108.0735
462.000000	93.474	-108.2661
468.000000	93.468	-108.4384
475.000000	93.462	-108.6800
482.000000	93.456	-108.9348
487.000000	93.454	-109.1148
494.000000	93.445	-109.3668
500.000000	93.449	-109.5037
508.000000	93.438	-109.8087
515.000000	93.439	-110.0099
522.000000	93.442	-110.2244
530.000000	93.443	-110.4479
538.000000	93.452	-110.6532
545.000000	93.458	-110.7814
552.000000	93.469	-110.9271
560.000000	93.478	-111.0907
570.000000	93.499	-111.3321
580.000000	93.524	-111.5849
590.000000	93.554	-111.7859
600.000000	93.583	-112.0337
608.000000	93.612	-112.1699
615.000000	93.639	-112.3158
622.000000	93.668	-112.4812
630.000000	93.700	-112.6516
640.000000	93.742	-112.8750
650.000000	93.779	-113.0974
660.000000	93.835	-113.2946
670.000000	93.883	-113.5412
680.000000	93.932	-113.7617
690.000000	93.979	-113.9653
700.000000	94.023	-114.1835
710.000000	94.077	-114.3933
720.000000	94.133	-114.5929
730.000000	94.188	-114.7586
740.000000	94.244	-114.9210
750.000000	94.304	-114.9552
762.000000	94.381	-115.2570
775.000000	94.463	-115.4577
788.000000	94.550	-115.6556
800.000000	94.636	-115.9384
812.000000	94.729	-116.1475
825.000000	94.821	-116.4847
838.000000	94.914	-116.8492
850.000000	94.995	-117.2420
862.000000	95.075	-117.4860
875.000000	95.157	-117.7722
885.000000	95.225	-118.0808
900.000000	95.317	-118.4500
912.000000	95.400	-118.8308
925.000000	95.482	-119.1867
938.000000	95.585	-119.5328
950.000000	95.666	-119.9136
962.000000	95.759	-120.2652
975.000000	95.855	-120.6123
988.000000	95.948	-121.1254
1000.000000	96.042	-121.6554
1015.000000	96.146	-122.1283
1030.000000	96.254	-122.6801
1044.000000	96.351	-123.2781
1060.000000	96.453	-123.9094
1075.000000	96.553	-124.5108
1090.000000	96.623	-125.2427
1106.000000	96.699	-125.9560
1120.000000	96.763	-126.5675
1138.000000	96.837	-127.4155
1150.000000	96.893	-128.0005
1172.000000	96.967	-128.9918
1180.000000	96.999	-129.3540
1206.000000	97.078	-130.5638
1220.000000	97.158	-131.2061
1241.000000	97.304	-132.1135
1250.000000	97.363	-132.5237
1265.000000	97.461	-133.1626
1280.000000	97.555	-133.7860
1315.000000	97.769	-135.2094
1320.000000	97.796	-135.3949
1340.000000	97.913	-136.1702
1360.000000	98.070	-136.8938
1380.000000	98.190	-137.6084
1400.000000	98.309	-138.2880
1430.000000	98.480	-139.2654
1450.000000	98.594	-139.8997
1475.000000	98.733	-140.6298
1500.000000	98.869	-141.3243
1525.000000	99.009	-141.9771
1550.000000	99.100	-142.5933
1575.000000	99.192	-143.1492
1600.000000	99.291	-143.6468
1625.000000	99.404	-144.1438
1650.000000	99.523	-144.6926
1675.000000	99.647	-145.2751
1700.000000	99.762	-145.8778
1725.000000	99.873	-146.4850
1750.000000	99.983	-147.0821
1775.000000	100.092	-147.6253
1800.000000	100.209	-148.1891
1825.000000	100.325	-148.7605
1850.000000	100.446	-149.2959
1875.000000	100.572	-149.8613
1900.000000	100.699	-150.4567
1925.000000	100.834	-151.0419
1950.000000	100.967	-151.6745
1975.000000	101.104	-152.3119
2000.000000	101.244	-152.9745
2030.000000	101.417	-153.8029
2060.000000	101.593	-154.6748
2090.000000	101.774	-155.6210
2120.000000	101.956	-156.6163
2140.000000	102.078	-157.3243
2180.000000	102.324	-158.7938
2200.000000	102.444	-159.5789
2240.000000	102.689	-161.2249
2270.000000	102.869	-162.5567
2300.000000	103.047	-163.9638
2330.000000	103.219	-165.4325
2360.000000	103.387	-166.9865
2400.000000	103.599	-169.1609
2430.000000	103.749	-170.9035
2470.000000	103.929	-173.3242
2500.000000	104.051	-175.2037
2540.000000	104.191	-177.7735
2580.000000	104.307	179.6221
2620.000000	104.404	176.9826
2650.000000	104.468	174.9760
2690.000000	104.539	172.2276
2720.000000	104.576	170.1145
2760.000000	104.590	167.2294
2800.000000	104.569	164.3678
2850.000000	104.503	160.9548
2900.000000	104.422	157.6854
2950.000000	104.331	154.5244
3000.000000	104.253	151.2427
3040.000000	104.166	148.4001
3070.000000	104.076	146.1875
3110.000000	103.910	143.2292
3150.000000	103.699	140.3428
3200.000000	103.380	136.9849
3250.000000	103.018	133.9376
3300.000000	102.617	131.1844
3350.000000	102.190	128.7195
3400.000000	101.742	126.5706
3450.000000	101.271	124.6797
3500.000000	100.773	123.0859
3550.000000	100.242	121.8903
3600.000000	99.695	121.2585
3650.000000	99.152	121.2662
3700.000000	98.676	121.8916
3750.000000	98.296	122.8237
3820.000000	97.882	123.8759
3870.000000	97.613	124.3973
3950.000000	97.165	124.9436
4000.000000	96.847	125.4115
4060.000000	96.443	126.3927
4120.000000	96.017	127.8544
4180.000000	95.635	130.2109
4250.000000	95.265	133.9087
4310.000000	95.084	137.5149
4370.000000	95.087	141.6551
4440.000000	95.359	146.2804
4500.000000	95.836	149.4492
4550.000000	96.355	150.9880
4620.000000	97.148	150.9835
4680.000000	97.757	149.1612
4750.000000	98.259	145.3815
4820.000000	98.499	140.7749
4870.000000	98.508	137.3242
4940.000000	98.331	132.7095
5000.000000	98.044	129.0788
5080.000000	97.480	124.8557
5150.000000	96.845	122.0006
5220.000000	96.087	120.2017
5300.000000	95.157	119.6177
5380.000000	94.262	120.6965
5450.000000	93.561	122.7225
5520.000000	92.958	125.4187
5600.000000	92.399	129.1060
5700.000000	91.883	134.0583
5800.000000	91.548	139.2574
5900.000000	91.377	144.2997
6000.000000	91.328	149.2166
6080.000000	91.377	152.8773
6150.000000	91.483	155.9351
6220.000000	91.639	158.7784
6300.000000	91.892	161.6206
6400.000000	92.220	164.4194
6500.000000	92.591	166.4766
6600.000000	92.947	167.7228
6700.000000	93.221	168.2407
6800.000000	93.406	168.5048
6900.000000	93.468	168.7473
7000.000000	93.442	169.4020
7100.000000	93.361	170.6657
7200.000000	93.316	172.7611
7300.000000	93.343	175.5937
7400.000000	93.503	178.3869
7500.000000	93.752	-178.9487
7620.000000	94.122	-175.8055
7750.000000	94.658	-172.6359
7880.000000	95.355	-170.1975
8000.000000	96.115	-168.9138
8120.000000	96.968	-168.8567
8250.000000	97.947	-170.4961
8380.000000	98.872	-174.3641
8500.000000	99.540	-179.9135
8620.000000	99.918	173.3231
8750.000000	99.902	165.6613
8850.000000	99.630	160.4024
9000.000000	99.004	154.3746
9120.000000	98.432	151.0939
9250.000000	97.846	148.7077
9380.000000	97.334	146.9846
9500.000000	96.928	145.7191
9620.000000	96.548	144.4102
9750.000000	96.198	142.8347
9880.000000	95.856	140.7251
10000.000000	95.470	138.4368
10150.000000	94.841	135.1699
10300.000000	94.027	132.1429
10440.000000	93.102	130.0719
10600.000000	91.938	129.0169
10750.000000	90.788	129.1567
10900.000000	89.678	130.9616
11060.000000	88.550	133.9315
11200.000000	87.676	137.2594
11380.000000	86.687	142.3830
11500.000000	86.127	146.1174
11720.000000	85.389	153.2721
11800.000000	85.208	155.6020
12060.000000	84.925	161.6046
12200.000000	84.816	162.5246
12410.000000	84.373	161.1636
12500.000000	83.876	160.7477
12650.000000	82.733	161.2291
12800.000000	81.499	165.1163
13150.000000	79.468	-177.0818
13200.000000	79.330	-174.1096
13400.000000	78.856	-162.4526
13600.000000	78.850	-150.8183
13800.000000	79.485	-140.8925
14000.000000	79.940	-130.9898
14300.000000	80.951	-118.9412
14500.000000	81.805	-112.5148
14750.000000	82.979	-106.4805
15000.000000	83.986	-103.2785
15250.000000	84.607	-99.8701
15500.000000	85.382	-93.1901
15750.000000	86.763	-87.7617
16000.000000	88.508	-88.7931
16250.000000	89.943	-95.5222
16500.000000	90.872	-105.2545
16750.000000	91.497	-117.4619
17000.000000	91.538	-134.2443
17250.000000	90.186	-153.9746
17500.000000	87.152	-168.0715
17750.000000	83.719	-173.2766
18000.000000	80.289	-171.2006
18250.000000	76.966	-158.1187
18500.000000	77.973	-145.3747
18750.000000	76.581	-151.6826
19000.000000	74.666	-151.2914
19250.000000	72.145	-146.6264
19500.000000	71.161	-132.8219
19750.000000	72.188	-125.7659
20000.000000	72.113	-137.3050
