* Measurement data measured by REW V5.20.5
* Source: Microphone (High Definition Audio Device), MICROPHONE (É}ÉX?), L, volume: 1.000
* Format: 256k Log Swept Sine, 1 sweep at -10.0 dBFS with no timing reference
* Dated: 2022/03/09 6:23:22
* REW Settings:
*  C-weighting compensation: Off
*  Target level: 75.0 dB
* Note: 
* Measurement: CCA CA16 L
* Smoothing: None
* Frequency Step: 1/48 octave
* Start Frequency: 20.000 Hz
*
* Freq(Hz)	SPL(dB)	Phase(degrees)
20.000000	101.939	-113.0822
20.299999	102.029	-113.6887
20.600000	102.125	-114.2805
20.900000	102.225	-114.8928
21.200001	102.326	-115.5559
21.400000	102.390	-116.0317
21.799999	102.503	-117.0248
22.000000	102.549	-117.5122
22.400000	102.625	-118.3982
22.700001	102.677	-118.9417
23.000000	102.733	-119.3900
23.299999	102.802	-119.7894
23.600000	102.882	-120.2025
24.000000	102.997	-120.8552
24.299999	103.077	-121.4199
24.700001	103.168	-122.1996
25.000000	103.225	-122.7440
25.400000	103.301	-123.3894
25.799999	103.385	-124.0096
26.200001	103.471	-124.6970
26.500000	103.528	-125.2616
26.900000	103.587	-125.9936
27.200001	103.624	-126.4616
27.600000	103.681	-126.9685
28.000000	103.763	-127.4672
28.500000	103.880	-128.3362
29.000000	103.955	-129.4161
29.500000	103.975	-130.2322
30.000000	104.029	-130.5288
30.400000	104.152	-130.7437
30.700001	104.278	-131.2021
31.100000	104.433	-132.3852
31.500000	104.497	-133.9846
32.000000	104.417	-135.6696
32.500000	104.265	-136.1306
33.000000	104.237	-135.5830
33.500000	104.387	-135.2347
34.000000	104.578	-135.8357
34.500000	104.676	-136.9714
35.000000	104.688	-137.8547
35.500000	104.703	-138.2708
36.000000	104.765	-138.6248
36.500000	104.840	-139.2436
37.000000	104.881	-139.9897
37.500000	104.896	-140.5886
38.200001	104.938	-141.2050
38.700001	104.988	-141.7332
39.500000	105.044	-142.7507
40.000000	105.066	-143.3156
40.599998	105.102	-143.9282
41.200001	105.145	-144.5875
41.799999	105.179	-145.2701
42.500000	105.213	-145.9819
43.099998	105.247	-146.5525
43.700001	105.281	-147.1379
44.400002	105.313	-147.7729
45.000000	105.345	-148.2821
45.500000	105.371	-148.7569
46.200001	105.384	-149.4455
46.799999	105.382	-149.8478
47.500000	105.418	-150.1574
48.200001	105.491	-150.7823
48.700001	105.517	-151.4529
49.400002	105.503	-152.2642
50.000000	105.494	-152.6965
50.799999	105.520	-153.2938
51.500000	105.535	-153.9562
52.200001	105.538	-154.5280
53.000000	105.556	-155.1240
53.799999	105.571	-155.7735
54.500000	105.579	-156.2911
55.200001	105.590	-156.7828
56.000000	105.601	-157.3699
57.000000	105.608	-158.0710
58.000000	105.614	-158.7506
59.000000	105.618	-159.4263
60.000000	105.618	-160.0895
60.799999	105.619	-160.5916
61.500000	105.621	-161.0336
62.200001	105.620	-161.4721
63.000000	105.618	-161.9391
64.000000	105.619	-162.5369
65.000000	105.610	-163.1220
66.000000	105.605	-163.6570
67.000000	105.597	-164.2326
68.000000	105.583	-164.7461
69.000000	105.578	-165.2668
70.000000	105.566	-165.8125
71.000000	105.553	-166.3294
72.000000	105.538	-166.8311
73.000000	105.524	-167.2953
74.000000	105.511	-167.7708
75.000000	105.492	-168.2325
76.199997	105.469	-168.7430
77.500000	105.446	-169.3168
78.800003	105.416	-169.8770
80.000000	105.382	-170.3706
81.199997	105.357	-170.7377
82.500000	105.348	-171.2753
83.800003	105.318	-171.8182
85.000000	105.292	-172.2797
86.199997	105.260	-172.7085
87.500000	105.228	-173.1523
88.500000	105.202	-173.4742
90.000000	105.167	-173.9706
91.199997	105.137	-174.3621
92.500000	105.103	-174.8031
93.800003	105.064	-175.1929
95.000000	105.035	-175.5195
96.199997	105.002	-175.8736
97.500000	104.967	-176.2115
98.800003	104.924	-176.5620
100.000000	104.893	-176.8034
101.500000	104.853	-177.2407
103.000000	104.805	-177.6362
104.400002	104.757	-177.9588
106.000000	104.712	-178.2956
107.500000	104.668	-178.6387
109.000000	104.621	-178.9644
110.599998	104.568	-179.2724
112.000000	104.524	-179.5346
113.800003	104.473	-179.8990
115.000000	104.428	179.8481
117.199997	104.363	179.5081
118.000000	104.337	179.3949
120.599998	104.258	178.8579
122.000000	104.209	178.7968
124.099998	104.152	178.5025
125.000000	104.121	178.3467
126.500000	104.068	178.1450
128.000000	104.017	177.9324
131.500000	103.895	177.6021
132.000000	103.883	177.5479
134.000000	103.821	177.3579
136.000000	103.763	177.1093
138.000000	103.698	176.9473
140.000000	103.643	176.7297
143.000000	103.545	176.4854
145.000000	103.476	176.2463
147.500000	103.396	176.0392
150.000000	103.314	175.9118
152.500000	103.229	175.7402
155.000000	103.147	175.6180
157.500000	103.061	175.5435
160.000000	102.976	175.4576
162.500000	102.889	175.4291
165.000000	102.810	175.3074
167.500000	102.732	175.3394
170.000000	102.639	175.3691
172.500000	102.558	175.4631
175.000000	102.482	175.4481
177.500000	102.412	175.4690
180.000000	102.347	175.5648
182.500000	102.262	175.6262
185.000000	102.194	175.8317
187.500000	102.125	175.9108
190.000000	102.061	176.2082
192.500000	102.005	176.2961
195.000000	101.965	176.4257
197.500000	101.928	176.5556
200.000000	101.896	176.6451
203.000000	101.832	176.5312
206.000000	101.763	176.4972
209.000000	101.693	176.4431
212.000000	101.613	176.4684
214.000000	101.556	176.4520
218.000000	101.443	176.4985
220.000000	101.395	176.6295
224.000000	101.281	176.6733
227.000000	101.178	176.7350
230.000000	101.095	177.0563
233.000000	101.004	177.3222
236.000000	100.919	177.5331
240.000000	100.814	177.8706
243.000000	100.739	178.3580
247.000000	100.660	178.8523
250.000000	100.637	179.0820
254.000000	100.599	179.3303
258.000000	100.507	179.5117
262.000000	100.427	179.6129
265.000000	100.385	179.7864
269.000000	100.295	-179.9278
272.000000	100.222	-179.8323
276.000000	100.139	-179.5407
280.000000	100.034	-179.2734
285.000000	99.900	-179.0249
290.000000	99.807	-178.5303
295.000000	99.692	-178.1213
300.000000	99.572	-177.5922
304.000000	99.488	-177.2337
307.000000	99.411	-176.8889
311.000000	99.336	-176.3694
315.000000	99.202	-175.8311
320.000000	99.078	-175.0164
325.000000	99.040	-174.4239
330.000000	98.931	-173.6969
335.000000	98.906	-172.8796
340.000000	98.844	-172.3430
345.000000	98.799	-171.6855
350.000000	98.772	-171.2351
355.000000	98.712	-170.8111
360.000000	98.659	-170.5832
365.000000	98.590	-170.1365
370.000000	98.505	-169.6607
375.000000	98.425	-169.1750
382.000000	98.298	-168.5365
387.000000	98.228	-168.1030
395.000000	98.102	-167.1477
400.000000	98.044	-166.5591
406.000000	97.959	-165.8069
412.000000	97.815	-165.2133
418.000000	97.753	-164.6921
425.000000	97.652	-163.5872
431.000000	97.578	-163.1561
437.000000	97.523	-162.1424
444.000000	97.389	-161.3765
450.000000	97.338	-160.7246
455.000000	97.274	-160.0331
462.000000	97.174	-159.3013
468.000000	97.091	-158.3448
475.000000	97.072	-157.7264
482.000000	96.930	-156.5388
487.000000	96.883	-155.9682
494.000000	96.816	-155.1753
500.000000	96.757	-154.3202
508.000000	96.636	-153.3743
515.000000	96.579	-152.4929
522.000000	96.525	-151.5621
530.000000	96.447	-150.4649
538.000000	96.368	-149.3356
545.000000	96.289	-148.4357
552.000000	96.227	-147.4974
560.000000	96.169	-146.3792
570.000000	96.073	-145.1063
580.000000	95.999	-143.5547
590.000000	95.922	-142.3195
600.000000	95.839	-140.8578
608.000000	95.792	-139.5282
615.000000	95.725	-138.6517
622.000000	95.696	-138.0398
630.000000	95.664	-136.7390
640.000000	95.597	-135.4336
650.000000	95.540	-134.0047
660.000000	95.481	-132.4855
670.000000	95.452	-131.1342
680.000000	95.391	-129.7980
690.000000	95.349	-128.1942
700.000000	95.319	-126.9486
710.000000	95.277	-125.5412
720.000000	95.251	-124.1600
730.000000	95.217	-122.7540
740.000000	95.201	-121.3491
750.000000	95.181	-119.9514
762.000000	95.155	-118.3133
775.000000	95.139	-116.5176
788.000000	95.137	-114.7460
800.000000	95.120	-113.1294
812.000000	95.110	-111.4757
825.000000	95.124	-109.7485
838.000000	95.121	-107.9688
850.000000	95.134	-106.4433
862.000000	95.148	-104.8331
875.000000	95.174	-103.0989
885.000000	95.192	-101.8627
900.000000	95.216	-99.9372
912.000000	95.255	-98.3991
925.000000	95.304	-96.7151
938.000000	95.345	-95.1207
950.000000	95.385	-93.7077
962.000000	95.432	-92.3102
975.000000	95.495	-90.7136
988.000000	95.563	-89.2405
1000.000000	95.608	-87.8577
1015.000000	95.697	-86.2541
1030.000000	95.785	-84.6163
1044.000000	95.859	-83.2056
1060.000000	95.950	-81.5988
1075.000000	96.042	-80.1600
1090.000000	96.129	-78.7270
1106.000000	96.238	-77.2685
1120.000000	96.315	-76.0672
1138.000000	96.421	-74.5540
1150.000000	96.495	-73.5455
1172.000000	96.616	-71.8085
1180.000000	96.670	-71.2088
1206.000000	96.811	-69.2632
1220.000000	96.896	-68.2684
1241.000000	97.014	-66.8797
1250.000000	97.065	-66.3262
1265.000000	97.143	-65.3851
1280.000000	97.224	-64.6613
1315.000000	97.297	-63.4444
1320.000000	97.272	-63.2636
1340.000000	97.141	-61.7934
1360.000000	97.111	-59.4105
1380.000000	97.204	-57.2703
1400.000000	97.314	-55.4582
1430.000000	97.463	-53.1105
1450.000000	97.553	-51.5831
1475.000000	97.677	-49.7770
1500.000000	97.788	-47.9613
1525.000000	97.889	-46.2234
1550.000000	98.001	-44.4233
1575.000000	98.112	-42.7063
1600.000000	98.221	-40.9765
1625.000000	98.343	-39.2467
1650.000000	98.447	-37.5147
1675.000000	98.568	-35.8313
1700.000000	98.693	-34.1332
1725.000000	98.807	-32.5464
1750.000000	98.942	-30.8484
1775.000000	99.076	-29.2459
1800.000000	99.213	-27.6532
1825.000000	99.355	-26.1045
1850.000000	99.497	-24.5295
1875.000000	99.642	-23.0468
1900.000000	99.790	-21.5020
1925.000000	99.951	-20.0869
1950.000000	100.108	-18.6549
1975.000000	100.271	-17.2569
2000.000000	100.435	-15.9619
2030.000000	100.636	-14.3823
2060.000000	100.846	-12.8776
2090.000000	101.058	-11.4796
2120.000000	101.270	-10.1221
2140.000000	101.419	-9.2500
2180.000000	101.705	-7.6357
2200.000000	101.854	-6.8711
2240.000000	102.148	-5.5072
2270.000000	102.363	-4.5309
2300.000000	102.580	-3.6561
2330.000000	102.788	-2.8523
2360.000000	102.993	-2.0678
2400.000000	103.246	-1.1761
2430.000000	103.429	-0.5000
2470.000000	103.673	0.4507
2500.000000	103.876	1.1618
2540.000000	104.164	1.9259
2580.000000	104.452	2.3337
2620.000000	104.705	2.3449
2650.000000	104.858	2.3099
2690.000000	105.017	2.3036
2720.000000	105.126	2.4147
2760.000000	105.252	2.6761
2800.000000	105.377	3.0642
2850.000000	105.556	3.5966
2900.000000	105.753	4.0726
2950.000000	105.964	4.3699
3000.000000	106.167	4.3507
3040.000000	106.308	4.0790
3070.000000	106.386	3.8051
3110.000000	106.451	3.3427
3150.000000	106.459	2.9516
3200.000000	106.397	2.8023
3250.000000	106.285	3.4242
3300.000000	106.213	4.9632
3350.000000	106.281	7.0779
3400.000000	106.525	9.0469
3450.000000	106.878	10.1427
3500.000000	107.244	10.2511
3550.000000	107.555	9.5566
3600.000000	107.787	8.4921
3650.000000	107.942	7.2274
3700.000000	108.036	5.9208
3750.000000	108.083	4.6652
3820.000000	108.086	2.9801
3870.000000	108.057	1.8501
3950.000000	107.945	0.0586
4000.000000	107.837	-1.0354
4060.000000	107.676	-2.2904
4120.000000	107.470	-3.5058
4180.000000	107.211	-4.6985
4250.000000	106.827	-6.0256
4310.000000	106.404	-6.9072
4370.000000	105.899	-7.3692
4440.000000	105.223	-7.0081
4500.000000	104.600	-5.8535
4550.000000	104.066	-4.1511
4620.000000	103.356	-0.5614
4680.000000	102.829	3.6830
4750.000000	102.411	9.7535
4820.000000	102.280	16.2663
4870.000000	102.351	20.6892
4940.000000	102.601	25.8502
5000.000000	102.849	29.3309
5080.000000	103.114	33.3105
5150.000000	103.278	37.2955
5220.000000	103.562	42.2988
5300.000000	104.228	48.1200
5380.000000	105.224	52.4168
5450.000000	106.222	54.3502
5520.000000	107.250	54.4993
5600.000000	108.372	52.6144
5700.000000	109.562	47.4413
5800.000000	110.335	39.8023
5900.000000	110.570	31.2320
6000.000000	110.299	23.5181
6080.000000	109.835	18.8013
6150.000000	109.339	15.8529
6220.000000	108.808	13.9331
6300.000000	108.213	12.8210
6400.000000	107.533	12.8182
6500.000000	106.963	13.8843
6600.000000	106.536	15.6932
6700.000000	106.250	17.8416
6800.000000	106.094	20.0028
6900.000000	106.042	22.0348
7000.000000	106.081	23.7948
7100.000000	106.189	25.3028
7200.000000	106.368	26.5053
7300.000000	106.632	27.2764
7400.000000	106.973	27.4753
7500.000000	107.375	26.8739
7620.000000	107.936	24.7661
7750.000000	108.500	19.9003
7880.000000	108.765	12.6750
8000.000000	108.613	5.0384
8120.000000	108.055	-2.0193
8250.000000	107.186	-7.7657
8380.000000	106.251	-11.7828
8500.000000	105.396	-14.5392
8620.000000	104.537	-16.7387
8750.000000	103.572	-18.5162
8850.000000	102.797	-19.3704
9000.000000	101.646	-19.5179
9120.000000	100.773	-18.8759
9250.000000	99.875	-17.4543
9380.000000	99.057	-15.5672
9500.000000	98.383	-13.4094
9620.000000	97.780	-11.0284
9750.000000	97.199	-8.2391
9880.000000	96.695	-5.4587
10000.000000	96.302	-2.7896
10150.000000	95.865	0.4350
10300.000000	95.502	3.5781
10440.000000	95.231	6.3708
10600.000000	94.987	9.5617
10750.000000	94.809	12.2654
10900.000000	94.669	14.7803
11060.000000	94.576	17.4014
11200.000000	94.524	19.5571
11380.000000	94.500	22.0874
11500.000000	94.511	23.8278
11720.000000	94.616	27.0433
11800.000000	94.714	28.1854
12060.000000	95.122	31.8229
12200.000000	95.474	33.5671
12410.000000	96.231	35.8798
12500.000000	96.641	36.5849
12650.000000	97.454	37.2443
12800.000000	98.477	36.9068
13150.000000	101.772	28.9242
13200.000000	102.341	26.2549
13400.000000	104.469	8.8900
13600.000000	105.058	-18.5463
13800.000000	103.439	-41.3338
14000.000000	101.076	-55.7081
14300.000000	98.000	-64.1981
14500.000000	96.484	-66.3271
14750.000000	95.057	-67.3868
15000.000000	94.072	-67.6601
15250.000000	93.535	-68.0003
15500.000000	93.359	-68.8537
15750.000000	93.559	-70.7206
16000.000000	94.164	-74.6018
16250.000000	95.149	-81.7019
16500.000000	96.265	-93.4002
16750.000000	97.236	-110.5346
17000.000000	97.617	-132.0156
17250.000000	97.102	-155.6888
17500.000000	95.743	-176.8772
17750.000000	94.068	165.1297
18000.000000	92.398	150.3019
18250.000000	90.848	136.8176
18500.000000	89.399	125.0020
18750.000000	88.275	114.2136
19000.000000	87.564	102.8613
19250.000000	87.167	89.2391
19500.000000	86.882	73.2621
19750.000000	86.345	54.5708
