* Measurement data measured by REW V5.19
* Source: Input device not selected, no input selected, R, volume: no control
* Format: 256k Log Swept Sine, 1 sweep at -12.0 dBFS  With no timing reference
* Dated: Dec 30, 2020 3:18:05 PM
* REW Settings:
*  C-weighting compensation: Off
*  Target level: 75.0 dB
* Note: ; 
* Measurement: ath clr100 R
* Smoothing: 1/12 octave
* Frequency Step: 1/48 octave
* Start Frequency: 20.000 Hz
*
* Freq(Hz)	SPL(dB)	Phase(degrees)
20.000000	47.656097	-123.2522
20.299999	47.798550	-124.2369
20.600000	47.919441	-125.4690
20.900000	48.004910	-126.8111
21.200001	48.055962	-128.1028
21.400000	48.077385	-128.8712
21.799999	48.115746	-130.1528
22.000000	48.142471	-130.6894
22.400000	48.219772	-131.6692
22.700001	48.294647	-132.4322
23.000000	48.372513	-133.2673
23.299999	48.442364	-134.1655
23.600000	48.497429	-135.0787
24.000000	48.547749	-136.2163
24.299999	48.575008	-136.9627
24.700001	48.609299	-137.8101
25.000000	48.638817	-138.3681
25.400000	48.684486	-139.0657
25.799999	48.733280	-139.7550
26.200001	48.780361	-140.4509
26.500000	48.813068	-140.9758
26.900000	48.852840	-141.6783
27.200001	48.879723	-142.2090
27.600000	48.911190	-142.9241
28.000000	48.937119	-143.6453
28.500000	48.962013	-144.5428
29.000000	48.981155	-145.4212
29.500000	48.998085	-146.2750
30.000000	49.016010	-147.1080
30.400000	49.032364	-147.7652
30.700001	49.045994	-148.2564
31.100000	49.065578	-148.9130
31.500000	49.085720	-149.5721
32.000000	49.109924	-150.3918
32.500000	49.132217	-151.1935
33.000000	49.152996	-151.9677
33.500000	49.172562	-152.7154
34.000000	49.190323	-153.4406
34.500000	49.205566	-154.1451
35.000000	49.217960	-154.8314
35.500000	49.227058	-155.5034
36.000000	49.232204	-156.1598
36.500000	49.233982	-156.7916
37.000000	49.235371	-157.3935
37.500000	49.240082	-157.9778
38.200001	49.253780	-158.8158
38.700001	49.265152	-159.4479
39.500000	49.279083	-160.4848
40.000000	49.285381	-161.1196
40.599998	49.292080	-161.8548
41.200001	49.297295	-162.5549
41.799999	49.300369	-163.2048
42.500000	49.303322	-163.8873
43.099998	49.306961	-164.4252
43.700001	49.309277	-164.9475
44.400002	49.304470	-165.5412
45.000000	49.293079	-166.0176
45.500000	49.281342	-166.3905
46.200001	49.264881	-166.9090
46.799999	49.249352	-167.3786
47.500000	49.227306	-167.9484
48.200001	49.205467	-168.5243
48.700001	49.192818	-168.9527
49.400002	49.176098	-169.5940
50.000000	49.158737	-170.1490
50.799999	49.137299	-170.8164
51.500000	49.131996	-171.3420
52.200001	49.139313	-171.8840
53.000000	49.150200	-172.5455
53.799999	49.156502	-173.2042
54.500000	49.159199	-173.7616
55.200001	49.159004	-174.3122
56.000000	49.152763	-174.9381
57.000000	49.134544	-175.6936
58.000000	49.110573	-176.3991
59.000000	49.085026	-177.0798
60.000000	49.055950	-177.7180
60.799999	49.035538	-178.1810
61.500000	49.022114	-178.5829
62.200001	49.009121	-179.0021
63.000000	48.990723	-179.4888
64.000000	48.963318	179.9155
65.000000	48.933304	179.3329
66.000000	48.902733	178.7684
67.000000	48.875248	178.2183
68.000000	48.850723	177.6734
69.000000	48.827763	177.1475
70.000000	48.807079	176.6485
71.000000	48.788177	176.1603
72.000000	48.767620	175.6621
73.000000	48.740887	175.1501
74.000000	48.706455	174.6444
75.000000	48.668064	174.1680
76.199997	48.625717	173.6350
77.500000	48.589664	173.0688
78.800003	48.559612	172.4995
80.000000	48.531357	171.9862
81.199997	48.499203	171.5029
82.500000	48.460255	171.0119
83.800003	48.418896	170.5300
85.000000	48.379116	170.0701
86.199997	48.337238	169.6023
87.500000	48.292469	169.1139
88.500000	48.261623	168.7546
90.000000	48.223137	168.2102
91.199997	48.193401	167.7420
92.500000	48.154472	167.2366
93.800003	48.111771	166.7993
95.000000	48.077763	166.4653
96.199997	48.052731	166.1560
97.500000	48.031116	165.7928
98.800003	48.005077	165.3649
100.000000	47.967098	164.9225
101.500000	47.898048	164.3954
103.000000	47.821671	163.9633
104.400002	47.758499	163.6176
106.000000	47.698200	163.2334
107.500000	47.646561	162.8680
109.000000	47.596420	162.5055
110.599998	47.545692	162.1063
112.000000	47.502319	161.7314
113.800003	47.441235	161.2420
115.000000	47.394279	160.9457
117.199997	47.295914	160.4970
118.000000	47.258221	160.3526
120.599998	47.144485	159.8448
122.000000	47.094460	159.5220
124.099998	47.033955	159.0487
125.000000	47.011589	158.8776
126.500000	46.975338	158.6442
128.000000	46.937538	158.4460
131.500000	46.835968	157.7876
132.000000	46.819241	157.6635
134.000000	46.750118	157.1750
136.000000	46.683117	156.7785
138.000000	46.617157	156.4879
140.000000	46.549171	156.2328
143.000000	46.445789	155.7790
145.000000	46.379749	155.4357
147.500000	46.297638	155.0300
150.000000	46.211964	154.6838
152.500000	46.125740	154.3636
155.000000	46.043674	154.0354
157.500000	45.968781	153.7010
160.000000	45.898109	153.3859
162.500000	45.821861	153.1294
165.000000	45.731323	152.9317
167.500000	45.630997	152.7389
170.000000	45.535797	152.5019
172.500000	45.454815	152.2412
175.000000	45.383663	152.0011
177.500000	45.314011	151.7865
180.000000	45.243660	151.5760
182.500000	45.173485	151.3629
185.000000	45.100422	151.1623
187.500000	45.021873	150.9892
190.000000	44.941734	150.8289
192.500000	44.866272	150.6498
195.000000	44.797859	150.4358
197.500000	44.731792	150.2029
200.000000	44.659782	150.0085
203.000000	44.564171	149.8992
206.000000	44.467270	149.8762
209.000000	44.373074	149.8376
212.000000	44.282066	149.7569
214.000000	44.223183	149.6865
218.000000	44.106209	149.5208
220.000000	44.047249	149.4371
224.000000	43.931133	149.2908
227.000000	43.845478	149.1917
230.000000	43.759834	149.0917
233.000000	43.675041	148.9962
236.000000	43.591431	148.9177
240.000000	43.482441	148.8350
243.000000	43.403625	148.7791
247.000000	43.299400	148.7198
250.000000	43.217777	148.6899
254.000000	43.105820	148.6577
258.000000	42.995346	148.6219
262.000000	42.887863	148.6004
265.000000	42.810169	148.6134
269.000000	42.710495	148.6690
272.000000	42.636940	148.7157
276.000000	42.539101	148.7492
280.000000	42.441242	148.7567
285.000000	42.316784	148.7925
290.000000	42.191631	148.8531
295.000000	42.069145	148.8937
300.000000	41.948391	148.9246
304.000000	41.853580	148.9743
307.000000	41.783165	149.0284
311.000000	41.690079	149.1082
315.000000	41.601357	149.1992
320.000000	41.499325	149.3551
325.000000	41.397888	149.5605
330.000000	41.288155	149.7849
335.000000	41.175091	150.0034
340.000000	41.066521	150.1915
345.000000	40.962517	150.3381
350.000000	40.862362	150.4363
355.000000	40.765743	150.5136
360.000000	40.666851	150.6864
365.000000	40.560211	151.0067
370.000000	40.450317	151.3814
375.000000	40.344627	151.7327
382.000000	40.204567	152.1529
387.000000	40.107658	152.4168
395.000000	39.956421	152.8243
400.000000	39.865665	153.0632
406.000000	39.759613	153.3266
412.000000	39.654305	153.6351
418.000000	39.547852	154.0398
425.000000	39.422848	154.5708
431.000000	39.315155	155.0037
437.000000	39.208626	155.4000
444.000000	39.087532	155.8416
450.000000	38.989056	156.2332
455.000000	38.911835	156.5764
462.000000	38.805695	157.0732
468.000000	38.713085	157.5020
475.000000	38.607422	157.9909
482.000000	38.505543	158.4767
487.000000	38.431702	158.8344
494.000000	38.324192	159.3535
500.000000	38.229588	159.8179
508.000000	38.105637	160.4744
515.000000	38.003727	161.0807
522.000000	37.908607	161.6932
530.000000	37.806587	162.3760
538.000000	37.707592	163.0612
545.000000	37.620354	163.6837
552.000000	37.534073	164.3218
560.000000	37.441017	165.0572
570.000000	37.333397	165.9715
580.000000	37.227936	166.8705
590.000000	37.117958	167.7540
600.000000	37.006516	168.6315
608.000000	36.923504	169.3459
615.000000	36.855949	169.9750
622.000000	36.789471	170.6058
630.000000	36.710968	171.3404
640.000000	36.611580	172.2903
650.000000	36.515541	173.2583
660.000000	36.423515	174.2308
670.000000	36.337372	175.2088
680.000000	36.255253	176.1914
690.000000	36.177700	177.1907
700.000000	36.109398	178.2171
710.000000	36.046650	179.2574
720.000000	35.983772	-179.7196
730.000000	35.919930	-178.7260
740.000000	35.857597	-177.7506
750.000000	35.799706	-176.7961
762.000000	35.735924	-175.6680
775.000000	35.669922	-174.4030
788.000000	35.604851	-173.0433
800.000000	35.548134	-171.7125
812.000000	35.496418	-170.3495
825.000000	35.447327	-168.8733
838.000000	35.404266	-167.3802
850.000000	35.370304	-165.9660
862.000000	35.344769	-164.5137
875.000000	35.330406	-162.8865
885.000000	35.332809	-161.6095
900.000000	35.364555	-159.7101
912.000000	35.413887	-158.2476
925.000000	35.485935	-156.7604
938.000000	35.570770	-155.4018
950.000000	35.654808	-154.2602
962.000000	35.739670	-153.2112
975.000000	35.828865	-152.1644
988.000000	35.914528	-151.2011
1000.000000	35.991302	-150.3684
1015.000000	36.085526	-149.3731
1030.000000	36.178795	-148.4084
1044.000000	36.264587	-147.5384
1060.000000	36.361427	-146.6038
1075.000000	36.450829	-145.7851
1090.000000	36.537220	-145.0075
1106.000000	36.626038	-144.2220
1120.000000	36.701324	-143.5755
1138.000000	36.794853	-142.7984
1150.000000	36.856590	-142.3058
1172.000000	36.968266	-141.4295
1180.000000	37.007050	-141.1188
1206.000000	37.123459	-140.1523
1220.000000	37.181416	-139.6615
1241.000000	37.264870	-138.9615
1250.000000	37.299809	-138.6666
1265.000000	37.356949	-138.1705
1280.000000	37.411659	-137.6666
1315.000000	37.523071	-136.4808
1320.000000	37.537411	-136.3114
1340.000000	37.592812	-135.6325
1360.000000	37.645359	-134.9514
1380.000000	37.694679	-134.2688
1400.000000	37.741547	-133.5846
1430.000000	37.808243	-132.5312
1450.000000	37.851707	-131.7947
1475.000000	37.904861	-130.8499
1500.000000	37.957111	-129.9044
1525.000000	38.011848	-128.9693
1550.000000	38.071037	-128.0277
1575.000000	38.133560	-127.0632
1600.000000	38.197960	-126.0792
1625.000000	38.264683	-125.0940
1650.000000	38.334721	-124.1084
1675.000000	38.409168	-123.1154
1700.000000	38.489136	-122.1159
1725.000000	38.574924	-121.1099
1750.000000	38.665070	-120.1016
1775.000000	38.758087	-119.1053
1800.000000	38.854424	-118.1212
1825.000000	38.955074	-117.1416
1850.000000	39.061554	-116.1694
1875.000000	39.174648	-115.2188
1900.000000	39.293079	-114.2963
1925.000000	39.414825	-113.3911
1950.000000	39.539448	-112.4931
1975.000000	39.667946	-111.6069
2000.000000	39.801029	-110.7399
2030.000000	39.966778	-109.7213
2060.000000	40.138794	-108.7216
2090.000000	40.316612	-107.7528
2120.000000	40.499706	-106.8229
2140.000000	40.624241	-106.2246
2180.000000	40.878662	-105.0838
2200.000000	41.008766	-104.5437
2240.000000	41.274845	-103.5282
2270.000000	41.479828	-102.8282
2300.000000	41.689804	-102.1865
2330.000000	41.904064	-101.6043
2360.000000	42.122002	-101.0767
2400.000000	42.418575	-100.4428
2430.000000	42.644218	-100.0168
2470.000000	42.947868	-99.5269
2500.000000	43.178268	-99.2240
2540.000000	43.489433	-98.9070
2580.000000	43.804768	-98.6854
2620.000000	44.122913	-98.5615
2650.000000	44.361893	-98.5413
2690.000000	44.679218	-98.6164
2720.000000	44.915672	-98.7455
2760.000000	45.228714	-99.0050
2800.000000	45.538620	-99.3574
2850.000000	45.919174	-99.9383
2900.000000	46.288074	-100.6978
2950.000000	46.642208	-101.6374
3000.000000	46.979279	-102.7460
3040.000000	47.234428	-103.7473
3070.000000	47.416248	-104.5610
3110.000000	47.645123	-105.7225
3150.000000	47.858086	-106.9555
3200.000000	48.101208	-108.5614
3250.000000	48.318111	-110.2045
3300.000000	48.508080	-111.8696
3350.000000	48.670654	-113.5512
3400.000000	48.806400	-115.2445
3450.000000	48.917191	-116.9341
3500.000000	49.005608	-118.5966
3550.000000	49.073864	-120.2113
3600.000000	49.124153	-121.7600
3650.000000	49.158836	-123.2303
3700.000000	49.180248	-124.6174
3750.000000	49.190666	-125.9185
3820.000000	49.193176	-127.5743
3870.000000	49.191338	-128.6238
3950.000000	49.185726	-130.1019
4000.000000	49.181366	-130.9350
4060.000000	49.177002	-131.8674
4120.000000	49.175293	-132.7394
4180.000000	49.178230	-133.5596
4250.000000	49.190350	-134.4560
4310.000000	49.210163	-135.1833
4370.000000	49.239182	-135.8961
4440.000000	49.283310	-136.7414
4500.000000	49.329025	-137.4989
4550.000000	49.372585	-138.1680
4620.000000	49.441147	-139.1863
4680.000000	49.505795	-140.1529
4750.000000	49.586838	-141.3972
4820.000000	49.671558	-142.7623
4870.000000	49.732361	-143.8123
4940.000000	49.814648	-145.3982
5000.000000	49.879063	-146.8716
5080.000000	49.950684	-148.9911
5150.000000	49.995937	-150.9741
5220.000000	50.020599	-153.0605
5300.000000	50.018082	-155.5542
5380.000000	49.976952	-158.1476
5450.000000	49.905273	-160.4725
5520.000000	49.798813	-162.8040
5600.000000	49.634899	-165.4073
5700.000000	49.369091	-168.4751
5800.000000	49.042278	-171.2563
5900.000000	48.665512	-173.6822
6000.000000	48.252556	-175.6961
6080.000000	47.905258	-177.0044
6150.000000	47.593830	-177.9413
6220.000000	47.279068	-178.6945
6300.000000	46.920074	-179.3356
6400.000000	46.480396	-179.8068
6500.000000	46.058556	-179.9183
6600.000000	45.660835	-179.7080
6700.000000	45.291523	-179.2397
6800.000000	44.953362	-178.5769
6900.000000	44.649082	-177.7418
7000.000000	44.382965	-176.7119
7100.000000	44.160263	-175.4895
7200.000000	43.983711	-174.1354
7300.000000	43.852097	-172.7224
7400.000000	43.763790	-171.3033
7500.000000	43.718361	-169.9304
7620.000000	43.720901	-168.4441
7750.000000	43.796413	-167.1649
7880.000000	43.950844	-166.3320
8000.000000	44.164822	-166.0114
8120.000000	44.442539	-166.2009
8250.000000	44.799591	-167.1324
8380.000000	45.188892	-168.9864
8500.000000	45.544792	-171.6300
8620.000000	45.855869	-175.2645
8750.000000	46.086338	179.6436
8850.000000	46.151649	175.0166
9000.000000	46.019817	167.4150
9120.000000	45.699322	161.3265
9250.000000	45.144524	155.2820
9380.000000	44.406124	150.1744
9500.000000	43.604546	146.4467
9620.000000	42.732136	143.6796
9750.000000	41.752911	141.6861
9880.000000	40.777412	140.6141
10000.000000	39.904121	140.3239
10150.000000	38.869751	140.7280
10300.000000	37.912647	141.7883
10440.000000	37.093460	143.2324
10600.000000	36.243469	145.3364
10750.000000	35.527466	147.6786
10900.000000	34.887020	150.2745
11060.000000	34.284470	153.2229
11200.000000	33.820396	155.9071
11380.000000	33.299576	159.4863
11500.000000	32.995468	161.9534
11720.000000	32.522751	166.6281
11800.000000	32.377708	168.3763
12060.000000	32.022099	174.2670
12200.000000	31.936260	177.5195
12410.000000	31.981024	-177.9589
12500.000000	32.045856	-176.2851
12650.000000	32.179504	-173.8030
12800.000000	32.336273	-171.4939
13150.000000	32.904686	-166.0326
13200.000000	33.022041	-165.2474
13400.000000	33.610737	-162.2600
13600.000000	34.420094	-159.8267
13800.000000	35.483776	-158.3779
14000.000000	36.809578	-158.4155
14300.000000	39.125607	-163.0663
14500.000000	40.614208	-170.9646
14750.000000	41.953823	172.3784
15000.000000	42.312645	150.3689
15250.000000	41.562595	129.1301
15500.000000	39.944740	113.7265
15750.000000	37.891205	104.8642
16000.000000	35.813992	100.7336
16250.000000	33.985519	99.3396
16500.000000	32.511078	99.2854
16750.000000	31.378048	99.7386
17000.000000	30.525799	100.1546
17250.000000	29.901623	100.1473
17500.000000	29.477167	99.4266
17750.000000	29.232786	97.6632
18000.000000	29.144482	94.3874
18250.000000	29.165953	89.0391
18500.000000	29.216410	81.1216
18750.000000	29.180513	70.3461
19000.000000	28.924185	56.8920
19250.000000	28.329618	41.7202
19500.000000	27.360415	26.6666
19750.000000	26.168015	14.1831
