* Measurement data measured by REW V5.20.4
* Source: Trace Arithmetic result Merge B to A
* Format: Trace Arithmetic result Merge B to A
* Dated: 29-Apr-2022 19:14:30
* REW Settings:
*  C-weighting compensation: Off
*  Target level: 75.0 dB
* Note: Trace Arithmetic B to A at 1,000 Hz A = A times B B = Flow II Ambient L VSG B was scaled by 111.3 dB
* Measurement: Flow II Ambient L VSG to Crin
* Smoothing: 1/24 octave
* Frequency Step: 1/48 octave
* Start Frequency: 20.000 Hz
*
* Freq(Hz)	SPL(dB)
20.000000	74.427
20.299999	74.472
20.600000	74.495
20.900000	74.496
21.200001	74.482
21.400000	74.468
21.799999	74.432
22.000000	74.413
22.400000	74.378
22.700001	74.354
23.000000	74.332
23.299999	74.310
23.600000	74.292
24.000000	74.277
24.299999	74.279
24.700001	74.306
25.000000	74.346
25.400000	74.420
25.799999	74.505
26.200001	74.586
26.500000	74.635
26.900000	74.680
27.200001	74.700
27.600000	74.715
28.000000	74.724
28.500000	74.743
29.000000	74.780
29.500000	74.833
30.000000	74.897
30.400000	74.950
30.700001	74.989
31.100000	75.037
31.500000	75.076
32.000000	75.107
32.500000	75.115
33.000000	75.102
33.500000	75.074
34.000000	75.040
34.500000	75.006
35.000000	74.977
35.500000	74.955
36.000000	74.936
36.500000	74.918
37.000000	74.898
37.500000	74.875
38.200001	74.837
38.700001	74.804
39.500000	74.741
40.000000	74.695
40.599998	74.637
41.200001	74.576
41.799999	74.516
42.500000	74.445
43.099998	74.384
43.700001	74.322
44.400002	74.247
45.000000	74.183
45.500000	74.131
46.200001	74.059
46.799999	74.000
47.500000	73.931
48.200001	73.858
48.700001	73.801
49.400002	73.715
50.000000	73.635
50.799999	73.521
51.500000	73.414
52.200001	73.302
53.000000	73.171
53.799999	73.037
54.500000	72.919
55.200001	72.800
56.000000	72.662
57.000000	72.484
58.000000	72.296
59.000000	72.096
60.000000	71.885
60.799999	71.711
61.500000	71.558
62.200001	71.406
63.000000	71.235
64.000000	71.031
65.000000	70.838
66.000000	70.657
67.000000	70.482
68.000000	70.307
69.000000	70.129
70.000000	69.947
71.000000	69.763
72.000000	69.581
73.000000	69.404
74.000000	69.234
75.000000	69.072
76.199997	68.887
77.500000	68.699
78.800003	68.523
80.000000	68.375
81.199997	68.239
82.500000	68.108
83.800003	67.991
85.000000	67.894
86.199997	67.806
87.500000	67.721
88.500000	67.665
90.000000	67.594
91.199997	67.548
92.500000	67.510
93.800003	67.482
95.000000	67.465
96.199997	67.453
97.500000	67.447
98.800003	67.444
100.000000	67.445
101.500000	67.451
103.000000	67.465
104.400002	67.486
106.000000	67.520
107.500000	67.560
109.000000	67.604
110.599998	67.655
112.000000	67.700
113.800003	67.759
115.000000	67.797
117.199997	67.863
118.000000	67.885
120.599998	67.945
122.000000	67.970
124.099998	67.996
125.000000	68.002
126.500000	68.007
128.000000	68.004
131.500000	67.978
132.000000	67.973
134.000000	67.951
136.000000	67.928
138.000000	67.910
140.000000	67.899
143.000000	67.901
145.000000	67.913
147.500000	67.934
150.000000	67.955
152.500000	67.970
155.000000	67.977
157.500000	67.976
160.000000	67.969
162.500000	67.958
165.000000	67.943
167.500000	67.924
170.000000	67.903
172.500000	67.878
175.000000	67.852
177.500000	67.825
180.000000	67.798
182.500000	67.776
185.000000	67.758
187.500000	67.749
190.000000	67.748
192.500000	67.757
195.000000	67.775
197.500000	67.799
200.000000	67.829
203.000000	67.871
206.000000	67.918
209.000000	67.970
212.000000	68.028
214.000000	68.070
218.000000	68.162
220.000000	68.211
224.000000	68.313
227.000000	68.394
230.000000	68.476
233.000000	68.560
236.000000	68.646
240.000000	68.761
243.000000	68.847
247.000000	68.960
250.000000	69.043
254.000000	69.151
258.000000	69.255
262.000000	69.355
265.000000	69.428
269.000000	69.520
272.000000	69.586
276.000000	69.669
280.000000	69.747
285.000000	69.836
290.000000	69.917
295.000000	69.988
300.000000	70.050
304.000000	70.092
307.000000	70.120
311.000000	70.152
315.000000	70.179
320.000000	70.205
325.000000	70.223
330.000000	70.233
335.000000	70.233
340.000000	70.224
345.000000	70.207
350.000000	70.180
355.000000	70.147
360.000000	70.107
365.000000	70.062
370.000000	70.013
375.000000	69.960
382.000000	69.881
387.000000	69.821
395.000000	69.716
400.000000	69.645
406.000000	69.555
412.000000	69.458
418.000000	69.356
425.000000	69.231
431.000000	69.118
437.000000	68.999
444.000000	68.855
450.000000	68.728
455.000000	68.619
462.000000	68.464
468.000000	68.329
475.000000	68.171
482.000000	68.016
487.000000	67.906
494.000000	67.755
500.000000	67.628
508.000000	67.464
515.000000	67.324
522.000000	67.187
530.000000	67.034
538.000000	66.886
545.000000	66.763
552.000000	66.647
560.000000	66.530
570.000000	66.413
580.000000	66.334
590.000000	66.297
600.000000	66.299
608.000000	66.329
615.000000	66.373
622.000000	66.434
630.000000	66.523
640.000000	66.659
650.000000	66.816
660.000000	66.985
670.000000	67.160
680.000000	67.335
690.000000	67.506
700.000000	67.672
710.000000	67.831
720.000000	67.980
730.000000	68.116
740.000000	68.235
750.000000	68.334
762.000000	68.424
775.000000	68.483
788.000000	68.506
800.000000	68.499
812.000000	68.469
825.000000	68.415
838.000000	68.345
850.000000	68.268
862.000000	68.187
875.000000	68.102
885.000000	68.043
900.000000	67.976
912.000000	67.946
925.000000	67.942
938.000000	67.968
950.000000	68.018
962.000000	68.094
975.000000	68.203
988.000000	68.339
1000.000000	68.488
1015.000000	68.706
1030.000000	68.966
1044.000000	69.249
1060.000000	69.610
1075.000000	69.967
1090.000000	70.323
1106.000000	70.676
1120.000000	70.946
1138.000000	71.230
1150.000000	71.383
1172.000000	71.618
1180.000000	71.699
1206.000000	71.993
1220.000000	72.202
1241.000000	72.601
1250.000000	72.791
1265.000000	73.108
1280.000000	73.401
1315.000000	73.940
1320.000000	73.999
1340.000000	74.189
1360.000000	74.308
1380.000000	74.370
1400.000000	74.406
1430.000000	74.469
1450.000000	74.537
1475.000000	74.648
1500.000000	74.794
1525.000000	75.026
1550.000000	75.389
1575.000000	75.828
1600.000000	76.206
1625.000000	76.403
1650.000000	76.413
1675.000000	76.338
1700.000000	76.300
1725.000000	76.330
1750.000000	76.365
1775.000000	76.346
1800.000000	76.279
1825.000000	76.246
1850.000000	76.349
1875.000000	76.624
1900.000000	77.017
1925.000000	77.448
1950.000000	77.877
1975.000000	78.305
2000.000000	78.742
2030.000000	79.279
2060.000000	79.815
2090.000000	80.317
2120.000000	80.746
2140.000000	80.979
2180.000000	81.310
2200.000000	81.414
2240.000000	81.535
2270.000000	81.586
2300.000000	81.646
2330.000000	81.745
2360.000000	81.883
2400.000000	82.079
2430.000000	82.202
2470.000000	82.332
2500.000000	82.416
2540.000000	82.506
2580.000000	82.534
2620.000000	82.468
2650.000000	82.351
2690.000000	82.110
2720.000000	81.868
2760.000000	81.463
2800.000000	80.991
2850.000000	80.449
2900.000000	80.173
2950.000000	80.205
3000.000000	80.348
3040.000000	80.403
3070.000000	80.381
3110.000000	80.283
3150.000000	80.161
3200.000000	80.070
3250.000000	80.112
3300.000000	80.269
3350.000000	80.474
3400.000000	80.660
3450.000000	80.780
3500.000000	80.819
3550.000000	80.787
3600.000000	80.709
3650.000000	80.614
3700.000000	80.520
3750.000000	80.415
3820.000000	80.180
3870.000000	79.910
3950.000000	79.315
4000.000000	78.882
4060.000000	78.336
4120.000000	77.791
4180.000000	77.283
4250.000000	76.788
4310.000000	76.466
4370.000000	76.227
4440.000000	76.021
4500.000000	75.863
4550.000000	75.717
4620.000000	75.447
4680.000000	75.128
4750.000000	74.629
4820.000000	73.988
4870.000000	73.448
4940.000000	72.596
5000.000000	71.805
5080.000000	70.727
5150.000000	69.837
5220.000000	69.081
5300.000000	68.483
5380.000000	68.229
5450.000000	68.256
5520.000000	68.424
5600.000000	68.672
5700.000000	68.942
5800.000000	69.103
5900.000000	69.140
6000.000000	69.079
6080.000000	68.990
6150.000000	68.903
6220.000000	68.821
6300.000000	68.747
6400.000000	68.686
6500.000000	68.628
6600.000000	68.517
6700.000000	68.315
6800.000000	68.023
6900.000000	67.690
7000.000000	67.390
7100.000000	67.204
7200.000000	67.215
7300.000000	67.493
7400.000000	68.077
7500.000000	68.943
7620.000000	70.210
7750.000000	71.600
7880.000000	72.783
8000.000000	73.601
8120.000000	74.132
8250.000000	74.374
8380.000000	74.271
8500.000000	73.897
8620.000000	73.307
8750.000000	72.486
8850.000000	71.772
9000.000000	70.723
9120.000000	70.124
9250.000000	69.943
9380.000000	70.258
9500.000000	70.815
9620.000000	71.443
9750.000000	72.045
9880.000000	72.452
10000.000000	72.607
10150.000000	72.508
10300.000000	72.160
10440.000000	71.695
10600.000000	71.058
10750.000000	70.356
10900.000000	69.523
11060.000000	68.481
11200.000000	67.477
11380.000000	66.192
11500.000000	65.446
11720.000000	64.638
11800.000000	64.607
12060.000000	65.612
12200.000000	66.672
12410.000000	68.436
12500.000000	69.139
12650.000000	70.137
12800.000000	70.864
13150.000000	71.524
13200.000000	71.527
13400.000000	71.410
13600.000000	71.181
13800.000000	70.867
14000.000000	70.415
14300.000000	69.344
14500.000000	68.355
14750.000000	66.923
15000.000000	65.502
15250.000000	64.401
15500.000000	63.993
15750.000000	64.423
16000.000000	65.182
16250.000000	65.573
16500.000000	65.257
16750.000000	64.229
17000.000000	62.621
17250.000000	60.570
17500.000000	58.197
17750.000000	55.624
18000.000000	52.991
18250.000000	50.447
18500.000000	48.135
18750.000000	46.181
19000.000000	44.705
19250.000000	43.831
19500.000000	43.552
19750.000000	43.622
