* Measurement data measured by REW V5.20.4
* Source: Microphone (USB Sound Device        ), MICROPHONE (Master Volume), L, volume: 0.250
* Format: 256k Log Swept Sine, 1 sweep at -12.0 dBFS with no timing reference
* Dated: 09-May-2023 15:07:29
* REW Settings:
*  C-weighting compensation: Off
*  Target level: 75.0 dB
* Note: 
* Measurement: Original ANC off L
* Smoothing: 1/24 octave
* Frequency Step: 1/48 octave
* Start Frequency: 20.000 Hz
*
* Freq(Hz)	SPL(dB)	Phase(degrees)
20.000000	80.684	62.4074
20.299999	80.688	62.6711
20.600000	80.700	63.0144
20.900000	80.726	63.3935
21.200001	80.767	63.7394
21.400000	80.799	63.9165
21.799999	80.861	64.1270
22.000000	80.884	64.1723
22.400000	80.904	64.2205
22.700001	80.897	64.3114
23.000000	80.879	64.5195
23.299999	80.863	64.8418
23.600000	80.857	65.2231
24.000000	80.867	65.6973
24.299999	80.875	65.9513
24.700001	80.865	66.1702
25.000000	80.833	66.3497
25.400000	80.763	66.7858
25.799999	80.699	67.5347
26.200001	80.677	68.4513
26.500000	80.693	69.0694
26.900000	80.736	69.6304
27.200001	80.758	69.8515
27.600000	80.754	70.0303
28.000000	80.718	70.3099
28.500000	80.675	70.9248
29.000000	80.668	71.5734
29.500000	80.669	71.9963
30.000000	80.632	72.3632
30.400000	80.581	72.8714
30.700001	80.553	73.4163
31.100000	80.546	74.2223
31.500000	80.569	74.9293
32.000000	80.592	75.5941
32.500000	80.579	76.3219
33.000000	80.577	77.4026
33.500000	80.648	78.5732
34.000000	80.771	79.2574
34.500000	80.846	79.3379
35.000000	80.818	79.3352
35.500000	80.729	79.8444
36.000000	80.674	80.8569
36.500000	80.689	81.8818
37.000000	80.727	82.5480
37.500000	80.735	82.9646
38.200001	80.694	83.6701
38.700001	80.671	84.3240
39.500000	80.654	85.2592
40.000000	80.630	85.7852
40.599998	80.589	86.5176
41.200001	80.557	87.3766
41.799999	80.539	88.2619
42.500000	80.527	89.2545
43.099998	80.514	90.0751
43.700001	80.494	90.9057
44.400002	80.465	91.9555
45.000000	80.449	92.9080
45.500000	80.444	93.6620
46.200001	80.430	94.6120
46.799999	80.404	95.4126
47.500000	80.368	96.4278
48.200001	80.340	97.4597
48.700001	80.322	98.1617
49.400002	80.290	99.1325
50.000000	80.260	100.0025
50.799999	80.227	101.1987
51.500000	80.203	102.2345
52.200001	80.181	103.2530
53.000000	80.154	104.3969
53.799999	80.121	105.5323
54.500000	80.088	106.5480
55.200001	80.055	107.5880
56.000000	80.019	108.7751
57.000000	79.972	110.2431
58.000000	79.922	111.7292
59.000000	79.874	113.2109
60.000000	79.823	114.6850
60.799999	79.782	115.8804
61.500000	79.747	116.9308
62.200001	79.713	117.9772
63.000000	79.675	119.1597
64.000000	79.623	120.6150
65.000000	79.566	122.0849
66.000000	79.509	123.5871
67.000000	79.454	125.1067
68.000000	79.403	126.6233
69.000000	79.352	128.1165
70.000000	79.296	129.6069
71.000000	79.239	131.1165
72.000000	79.182	132.6385
73.000000	79.126	134.1513
74.000000	79.070	135.6502
75.000000	79.011	137.1449
76.199997	78.939	138.9535
77.500000	78.859	140.9004
78.800003	78.769	142.8776
80.000000	78.687	144.7727
81.199997	78.611	146.6593
82.500000	78.529	148.6922
83.800003	78.453	150.7096
85.000000	78.382	152.5096
86.199997	78.302	154.3085
87.500000	78.213	156.3232
88.500000	78.148	157.8920
90.000000	78.051	160.2311
91.199997	77.970	162.0991
92.500000	77.877	164.1385
93.800003	77.785	166.2087
95.000000	77.703	168.1159
96.199997	77.621	170.0073
97.500000	77.532	172.0502
98.800003	77.443	174.0827
100.000000	77.357	175.9689
101.500000	77.248	178.3612
103.000000	77.140	-179.2243
104.400002	77.038	-176.9761
106.000000	76.918	-174.4003
107.500000	76.806	-171.9933
109.000000	76.696	-169.6013
110.599998	76.580	-167.0437
112.000000	76.475	-164.7696
113.800003	76.340	-161.7819
115.000000	76.246	-159.7789
117.199997	76.069	-156.1074
118.000000	76.006	-154.7886
120.599998	75.804	-150.5651
122.000000	75.700	-148.2648
124.099998	75.552	-144.7339
125.000000	75.489	-143.2062
126.500000	75.378	-140.6503
128.000000	75.261	-138.0754
131.500000	74.991	-132.0689
132.000000	74.953	-131.2220
134.000000	74.799	-127.8367
136.000000	74.639	-124.4230
138.000000	74.474	-120.9968
140.000000	74.307	-117.5439
143.000000	74.067	-112.2545
145.000000	73.911	-108.6896
147.500000	73.708	-104.2104
150.000000	73.492	-99.7114
152.500000	73.269	-95.1024
155.000000	73.038	-90.4037
157.500000	72.799	-85.5891
160.000000	72.564	-80.5228
162.500000	72.367	-75.0487
165.000000	72.238	-69.2150
167.500000	72.196	-63.4513
170.000000	72.213	-58.2212
172.500000	72.240	-53.5691
175.000000	72.242	-49.2643
177.500000	72.205	-45.1242
180.000000	72.124	-41.0567
182.500000	72.016	-36.9207
185.000000	71.907	-32.6566
187.500000	71.799	-28.2902
190.000000	71.691	-23.8368
192.500000	71.585	-19.3882
195.000000	71.483	-14.9307
197.500000	71.385	-10.4160
200.000000	71.287	-5.8433
203.000000	71.171	-0.3639
206.000000	71.065	5.0386
209.000000	70.970	10.4391
212.000000	70.882	15.8546
214.000000	70.826	19.4467
218.000000	70.715	26.5833
220.000000	70.658	30.1645
224.000000	70.553	37.3601
227.000000	70.486	42.7394
230.000000	70.422	48.0535
233.000000	70.356	53.3202
236.000000	70.299	58.6009
240.000000	70.242	65.6705
243.000000	70.197	70.9338
247.000000	70.136	77.8248
250.000000	70.095	82.9379
254.000000	70.048	89.7443
258.000000	70.003	96.5093
262.000000	69.961	103.1898
265.000000	69.932	108.1934
269.000000	69.890	114.9053
272.000000	69.848	119.9183
276.000000	69.794	126.5441
280.000000	69.759	133.1252
285.000000	69.716	141.2938
290.000000	69.675	149.3590
295.000000	69.631	157.2650
300.000000	69.584	165.1550
304.000000	69.545	171.4874
307.000000	69.517	176.2137
311.000000	69.481	-177.5020
315.000000	69.446	-171.2075
320.000000	69.404	-163.4081
325.000000	69.354	-155.7206
330.000000	69.304	-148.0736
335.000000	69.262	-140.4282
340.000000	69.217	-132.8086
345.000000	69.162	-125.2156
350.000000	69.109	-117.6704
355.000000	69.062	-110.1729
360.000000	69.014	-102.6984
365.000000	68.966	-95.1945
370.000000	68.920	-87.7024
375.000000	68.875	-80.2549
382.000000	68.808	-69.9193
387.000000	68.760	-62.5842
395.000000	68.688	-50.8167
400.000000	68.645	-43.5010
406.000000	68.600	-34.7827
412.000000	68.558	-26.1280
418.000000	68.505	-17.4650
425.000000	68.440	-7.3960
431.000000	68.391	1.1547
437.000000	68.349	9.7177
444.000000	68.303	19.6944
450.000000	68.261	28.1462
455.000000	68.226	35.1664
462.000000	68.178	44.9818
468.000000	68.140	53.3455
475.000000	68.095	63.0255
482.000000	68.048	72.6656
487.000000	68.012	79.5320
494.000000	67.955	89.0983
500.000000	67.906	97.2654
508.000000	67.841	108.1590
515.000000	67.783	117.7118
522.000000	67.725	127.2205
530.000000	67.662	138.0286
538.000000	67.604	148.7883
545.000000	67.554	158.1748
552.000000	67.503	167.5587
560.000000	67.448	178.2524
570.000000	67.373	-168.4114
580.000000	67.298	-155.1311
590.000000	67.226	-142.0239
600.000000	67.149	-128.9406
608.000000	67.090	-118.4583
615.000000	67.044	-109.3412
622.000000	66.998	-100.2792
630.000000	66.944	-89.9486
640.000000	66.869	-77.0752
650.000000	66.803	-64.2478
660.000000	66.734	-51.4320
670.000000	66.663	-38.6262
680.000000	66.602	-25.9097
690.000000	66.546	-13.2137
700.000000	66.487	-0.5441
710.000000	66.436	12.0869
720.000000	66.394	24.6827
730.000000	66.352	37.2495
740.000000	66.312	49.8019
750.000000	66.275	62.2733
762.000000	66.234	77.1229
775.000000	66.197	93.1450
788.000000	66.173	109.1827
800.000000	66.160	123.8977
812.000000	66.153	138.5233
825.000000	66.156	154.2740
838.000000	66.173	169.9580
850.000000	66.196	-175.6295
862.000000	66.224	-161.2540
875.000000	66.262	-145.7933
885.000000	66.296	-134.0334
900.000000	66.362	-116.5367
912.000000	66.424	-102.6235
925.000000	66.496	-87.6914
938.000000	66.570	-72.9114
950.000000	66.646	-59.3624
962.000000	66.726	-45.8641
975.000000	66.818	-31.3359
988.000000	66.919	-16.8832
1000.000000	67.016	-3.6316
1015.000000	67.141	12.7136
1030.000000	67.268	28.8911
1044.000000	67.384	43.8473
1060.000000	67.521	60.7882
1075.000000	67.657	76.5527
1090.000000	67.795	92.1202
1106.000000	67.940	108.4893
1120.000000	68.058	122.6931
1138.000000	68.206	140.8130
1150.000000	68.307	152.7786
1172.000000	68.494	174.4988
1180.000000	68.560	-177.6581
1206.000000	68.762	-152.3689
1220.000000	68.865	-138.8649
1241.000000	69.019	-118.7874
1250.000000	69.085	-110.2468
1265.000000	69.189	-96.0723
1280.000000	69.287	-81.9614
1315.000000	69.517	-49.4285
1320.000000	69.548	-44.8318
1340.000000	69.666	-26.5767
1360.000000	69.782	-8.5098
1380.000000	69.895	9.3992
1400.000000	70.004	27.1882
1430.000000	70.164	53.6497
1450.000000	70.269	71.1143
1475.000000	70.401	92.7720
1500.000000	70.527	114.2837
1525.000000	70.649	135.6567
1550.000000	70.776	156.8113
1575.000000	70.902	177.8018
1600.000000	71.028	-161.3831
1625.000000	71.152	-140.7905
1650.000000	71.272	-120.4634
1675.000000	71.395	-100.3840
1700.000000	71.523	-80.4888
1725.000000	71.651	-60.7324
1750.000000	71.779	-41.1360
1775.000000	71.907	-21.7163
1800.000000	72.036	-2.4553
1825.000000	72.165	16.6448
1850.000000	72.295	35.5676
1875.000000	72.428	54.3164
1900.000000	72.562	72.9102
1925.000000	72.695	91.3699
1950.000000	72.829	109.6489
1975.000000	72.962	127.6941
2000.000000	73.091	145.5090
2030.000000	73.246	166.6182
2060.000000	73.403	-172.5630
2090.000000	73.558	-151.9946
2120.000000	73.711	-131.6501
2140.000000	73.811	-118.2100
2180.000000	74.005	-91.6230
2200.000000	74.099	-78.4834
2240.000000	74.282	-52.4917
2270.000000	74.414	-33.2310
2300.000000	74.541	-14.1704
2330.000000	74.664	4.6987
2360.000000	74.781	23.3704
2400.000000	74.924	47.9673
2430.000000	75.022	66.2046
2470.000000	75.140	90.2529
2500.000000	75.224	108.0947
2540.000000	75.326	131.6399
2580.000000	75.416	154.9478
2620.000000	75.492	178.0203
2650.000000	75.543	-164.8352
2690.000000	75.607	-142.1875
2720.000000	75.652	-125.3435
2760.000000	75.707	-103.0576
2800.000000	75.759	-80.9705
2850.000000	75.826	-53.6760
2900.000000	75.901	-26.7568
2950.000000	75.980	-0.2961
3000.000000	76.059	25.5542
3040.000000	76.127	45.7988
3070.000000	76.184	60.7715
3110.000000	76.261	80.4604
3150.000000	76.335	99.8198
3200.000000	76.421	123.5649
3250.000000	76.492	146.7839
3300.000000	76.537	169.4570
3350.000000	76.548	-168.4021
3400.000000	76.510	-146.7517
3450.000000	76.409	-125.4915
3500.000000	76.236	-104.4812
3550.000000	75.996	-83.5684
3600.000000	75.698	-62.7319
3650.000000	75.338	-41.8796
3700.000000	74.953	-20.9602
3750.000000	74.610	-0.0713
3820.000000	74.207	29.1643
3870.000000	73.930	50.0669
3950.000000	73.506	83.2441
4000.000000	73.285	103.6626
4060.000000	73.058	127.8440
4120.000000	72.845	151.7378
4180.000000	72.639	175.3484
4250.000000	72.430	-157.4976
4310.000000	72.277	-134.5154
4370.000000	72.137	-111.7996
4440.000000	71.992	-85.7751
4500.000000	71.913	-63.9392
4550.000000	71.897	-46.0698
4620.000000	71.950	-21.5759
4680.000000	72.057	-1.1870
4750.000000	72.238	21.6541
4820.000000	72.439	43.2598
4870.000000	72.562	57.9492
4940.000000	72.662	77.6357
5000.000000	72.664	93.9148
5080.000000	72.550	115.1235
5150.000000	72.362	133.4871
5220.000000	72.112	151.8240
5300.000000	71.779	172.7981
5380.000000	71.428	-166.3496
5450.000000	71.124	-148.3623
5520.000000	70.832	-130.5503
5600.000000	70.535	-110.3042
5700.000000	70.239	-85.1904
5800.000000	70.042	-60.4399
5900.000000	69.946	-36.2754
6000.000000	69.949	-12.8384
6080.000000	70.019	5.3291
6150.000000	70.123	20.8042
6220.000000	70.265	35.8662
6300.000000	70.476	52.5459
6400.000000	70.806	72.5503
6500.000000	71.217	91.4741
6600.000000	71.698	109.0288
6700.000000	72.228	125.1055
6800.000000	72.813	139.8838
6900.000000	73.453	153.4185
7000.000000	74.131	165.7080
7100.000000	74.832	176.7510
7200.000000	75.545	-173.4541
7300.000000	76.271	-164.8579
7400.000000	77.020	-157.4248
7500.000000	77.811	-151.2393
7620.000000	78.835	-145.8149
7750.000000	80.011	-143.3066
7880.000000	81.077	-145.6719
8000.000000	81.648	-152.9292
8120.000000	81.500	-163.8154
8250.000000	80.436	-175.6099
8380.000000	78.678	176.2061
8500.000000	76.792	172.3384
8620.000000	74.920	171.0708
8750.000000	73.060	171.4653
8850.000000	71.777	172.4463
9000.000000	70.091	174.3984
9120.000000	68.942	176.0254
9250.000000	67.886	177.5557
9380.000000	67.013	178.6689
9500.000000	66.355	179.1670
9620.000000	65.831	179.0332
9750.000000	65.411	178.0562
9880.000000	65.129	176.1040
10000.000000	64.972	173.3906
10150.000000	64.889	168.7017
10300.000000	64.913	162.5005
10440.000000	65.017	155.3130
10600.000000	65.215	145.4985
10750.000000	65.451	134.7510
10900.000000	65.715	122.5332
11060.000000	65.993	108.1108
11200.000000	66.260	94.7266
11380.000000	66.753	76.2959
11500.000000	67.187	62.7715
11720.000000	68.100	34.9932
11800.000000	68.451	23.9004
12060.000000	69.608	-16.5742
12200.000000	70.220	-41.3379
12410.000000	71.052	-82.0625
12500.000000	71.346	-100.7632
12650.000000	71.711	-133.4436
12800.000000	71.876	-167.7188
13150.000000	71.398	108.9214
13200.000000	71.240	96.8916
13400.000000	70.457	48.8931
13600.000000	69.521	1.2600
13800.000000	68.517	-45.9614
14000.000000	67.507	-92.7625
14300.000000	66.221	-161.7148
14500.000000	65.922	152.1436
14750.000000	66.395	88.4512
15000.000000	66.814	14.4131
15250.000000	66.387	-65.5840
15500.000000	64.962	-144.8682
15750.000000	63.018	143.7444
16000.000000	62.439	75.5688
16250.000000	63.026	-1.7996
16500.000000	63.102	-87.9221
16750.000000	62.260	-174.9734
17000.000000	61.194	101.9993
17250.000000	60.862	18.5605
17500.000000	60.863	-70.2603
17750.000000	60.625	-163.4009
18000.000000	60.113	100.9541
18250.000000	59.453	4.0823
18500.000000	58.779	-93.5305
18750.000000	58.183	167.6855
19000.000000	57.718	67.5249
19250.000000	57.422	-34.0559
19500.000000	57.315	-135.7023
19750.000000	57.269	132.0798
