* Measurement data measured by REW V5.20.4
* Source: Trace Arithmetic result Merge B to A
* Format: Trace Arithmetic result Merge B to A
* Dated: 14-Jan-2023 16:21:13
* REW Settings:
*  C-weighting compensation: Off
*  Target level: 75.0 dB
* Note: 
* Measurement: Solo L
* Smoothing: 1/24 octave
* Frequency Step: 1/48 octave
* Start Frequency: 20.000 Hz
*
* Freq(Hz)	SPL(dB)	Phase(degrees)
20.000000	84.492	-16.3078
20.299999	84.426	-16.3713
20.600000	84.390	-16.3607
20.900000	84.383	-16.3939
21.200001	84.395	-16.5705
21.400000	84.404	-16.7826
21.799999	84.411	-17.3810
22.000000	84.404	-17.7278
22.400000	84.370	-18.4182
22.700001	84.334	-18.8887
23.000000	84.297	-19.3181
23.299999	84.260	-19.7365
23.600000	84.223	-20.1606
24.000000	84.166	-20.7244
24.299999	84.115	-21.1016
24.700001	84.046	-21.4792
25.000000	84.004	-21.6627
25.400000	83.973	-21.8480
25.799999	83.974	-22.1212
26.200001	83.986	-22.6050
26.500000	83.987	-23.0999
26.900000	83.961	-23.8382
27.200001	83.922	-24.3557
27.600000	83.855	-24.9097
28.000000	83.790	-25.3098
28.500000	83.728	-25.7296
29.000000	83.674	-26.2002
29.500000	83.612	-26.6951
30.000000	83.544	-27.1086
30.400000	83.497	-27.3844
30.700001	83.469	-27.6006
31.100000	83.436	-27.9491
31.500000	83.396	-28.3556
32.000000	83.331	-28.8308
32.500000	83.266	-29.1520
33.000000	83.228	-29.3816
33.500000	83.221	-29.7230
34.000000	83.216	-30.3009
34.500000	83.181	-31.0122
35.000000	83.110	-31.6466
35.500000	83.023	-32.0606
36.000000	82.944	-32.2688
36.500000	82.884	-32.3737
37.000000	82.840	-32.4870
37.500000	82.801	-32.6679
38.200001	82.732	-32.9927
38.700001	82.670	-33.1712
39.500000	82.586	-33.3505
40.000000	82.548	-33.5889
40.599998	82.483	-34.0981
41.200001	82.368	-34.5691
41.799999	82.239	-34.6950
42.500000	82.154	-34.5989
43.099998	82.135	-34.7899
43.700001	82.104	-35.3049
44.400002	82.025	-35.9283
45.000000	81.953	-36.2936
45.500000	81.908	-36.5676
46.200001	81.852	-37.0300
46.799999	81.793	-37.4465
47.500000	81.718	-37.8327
48.200001	81.652	-38.1320
48.700001	81.610	-38.3430
49.400002	81.553	-38.6607
50.000000	81.500	-38.9314
50.799999	81.427	-39.2539
51.500000	81.363	-39.4978
52.200001	81.300	-39.7074
53.000000	81.235	-39.9133
53.799999	81.179	-40.1481
54.500000	81.127	-40.4203
55.200001	81.063	-40.7107
56.000000	80.978	-40.9782
57.000000	80.875	-41.2195
58.000000	80.783	-41.4602
59.000000	80.699	-41.7305
60.000000	80.624	-42.0771
60.799999	80.563	-42.4168
61.500000	80.505	-42.7168
62.200001	80.443	-42.9890
63.000000	80.372	-43.2477
64.000000	80.285	-43.4891
65.000000	80.204	-43.6918
66.000000	80.121	-43.8776
67.000000	80.037	-44.0426
68.000000	79.951	-44.2156
69.000000	79.863	-44.3825
70.000000	79.777	-44.5642
71.000000	79.688	-44.7618
72.000000	79.597	-44.9060
73.000000	79.514	-45.0270
74.000000	79.433	-45.1728
75.000000	79.349	-45.3125
76.199997	79.247	-45.4797
77.500000	79.134	-45.6603
78.800003	79.028	-45.8147
80.000000	78.941	-46.0098
81.199997	78.854	-46.2426
82.500000	78.760	-46.4525
83.800003	78.670	-46.6205
85.000000	78.584	-46.7338
86.199997	78.500	-46.7971
87.500000	78.414	-46.8739
88.500000	78.345	-46.9751
90.000000	78.232	-47.1408
91.199997	78.141	-47.2237
92.500000	78.049	-47.2848
93.800003	77.962	-47.3281
95.000000	77.885	-47.3313
96.199997	77.813	-47.3225
97.500000	77.739	-47.3440
98.800003	77.662	-47.4023
100.000000	77.588	-47.4773
101.500000	77.495	-47.5789
103.000000	77.406	-47.6677
104.400002	77.328	-47.7635
106.000000	77.239	-47.8851
107.500000	77.152	-47.9677
109.000000	77.065	-48.0130
110.599998	76.971	-48.0239
112.000000	76.889	-47.9932
113.800003	76.789	-47.9219
115.000000	76.724	-47.8651
117.199997	76.608	-47.7813
118.000000	76.565	-47.7646
120.599998	76.408	-47.7307
122.000000	76.315	-47.6899
124.099998	76.180	-47.6230
125.000000	76.126	-47.6111
126.500000	76.042	-47.6126
128.000000	75.965	-47.6198
131.500000	75.797	-47.5234
132.000000	75.773	-47.4936
134.000000	75.674	-47.3746
136.000000	75.568	-47.2861
138.000000	75.461	-47.2347
140.000000	75.356	-47.1897
143.000000	75.194	-47.0413
145.000000	75.086	-46.8911
147.500000	74.960	-46.7306
150.000000	74.846	-46.5999
152.500000	74.734	-46.3895
155.000000	74.621	-46.1085
157.500000	74.507	-45.8931
160.000000	74.392	-45.8063
162.500000	74.281	-45.7656
165.000000	74.181	-45.6636
167.500000	74.087	-45.4836
170.000000	73.985	-45.2627
172.500000	73.877	-45.0220
175.000000	73.772	-44.7509
177.500000	73.673	-44.4342
180.000000	73.575	-44.0970
182.500000	73.477	-43.7947
185.000000	73.384	-43.5412
187.500000	73.299	-43.2978
190.000000	73.219	-43.0617
192.500000	73.138	-42.8650
195.000000	73.058	-42.7114
197.500000	72.982	-42.5543
200.000000	72.911	-42.3580
203.000000	72.824	-42.0844
206.000000	72.728	-41.8107
209.000000	72.625	-41.5536
212.000000	72.520	-41.3069
214.000000	72.449	-41.1311
218.000000	72.307	-40.7691
220.000000	72.237	-40.6253
224.000000	72.104	-40.3816
227.000000	72.010	-40.1175
230.000000	71.912	-39.7698
233.000000	71.811	-39.4117
236.000000	71.715	-39.0680
240.000000	71.599	-38.6246
243.000000	71.515	-38.3271
247.000000	71.405	-37.9725
250.000000	71.327	-37.7007
254.000000	71.220	-37.3251
258.000000	71.108	-36.9522
262.000000	71.000	-36.5598
265.000000	70.921	-36.2187
269.000000	70.812	-35.6957
272.000000	70.725	-35.2876
276.000000	70.608	-34.7738
280.000000	70.500	-34.3155
285.000000	70.375	-33.8019
290.000000	70.257	-33.2768
295.000000	70.141	-32.7474
300.000000	70.027	-32.2257
304.000000	69.937	-31.7545
307.000000	69.870	-31.3736
311.000000	69.784	-30.8416
315.000000	69.703	-30.2913
320.000000	69.609	-29.6601
325.000000	69.518	-29.1320
330.000000	69.424	-28.6283
335.000000	69.329	-28.0865
340.000000	69.240	-27.4677
345.000000	69.152	-26.8027
350.000000	69.063	-26.1120
355.000000	68.969	-25.3997
360.000000	68.873	-24.7725
365.000000	68.769	-24.2455
370.000000	68.662	-23.6724
375.000000	68.563	-22.9715
382.000000	68.440	-21.9183
387.000000	68.352	-21.2104
395.000000	68.205	-20.2095
400.000000	68.121	-19.6426
406.000000	68.024	-18.9975
412.000000	67.928	-18.3054
418.000000	67.831	-17.4765
425.000000	67.707	-16.4245
431.000000	67.587	-15.5873
437.000000	67.473	-14.8240
444.000000	67.358	-13.8869
450.000000	67.265	-13.0484
455.000000	67.193	-12.4082
462.000000	67.104	-11.5354
468.000000	67.029	-10.7231
475.000000	66.947	-9.7461
482.000000	66.875	-8.7970
487.000000	66.826	-8.1166
494.000000	66.753	-7.1197
500.000000	66.686	-6.2609
508.000000	66.597	-5.1262
515.000000	66.521	-4.0810
522.000000	66.445	-2.9964
530.000000	66.351	-1.7690
538.000000	66.247	-0.5897
545.000000	66.155	0.4678
552.000000	66.060	1.6314
560.000000	65.952	3.0603
570.000000	65.838	4.8184
580.000000	65.739	6.4422
590.000000	65.655	8.0199
600.000000	65.598	9.7231
608.000000	65.562	11.1749
615.000000	65.525	12.4734
622.000000	65.483	13.7837
630.000000	65.434	15.2907
640.000000	65.388	17.2429
650.000000	65.356	19.3066
660.000000	65.331	21.3362
670.000000	65.318	23.3011
680.000000	65.320	25.2943
690.000000	65.335	27.3735
700.000000	65.356	29.5050
710.000000	65.393	31.6175
720.000000	65.455	33.6438
730.000000	65.542	35.5648
740.000000	65.644	37.4510
750.000000	65.758	39.3366
762.000000	65.918	41.5542
775.000000	66.119	43.8007
788.000000	66.347	45.7807
800.000000	66.571	47.4221
812.000000	66.799	48.9877
825.000000	67.048	50.6112
838.000000	67.292	52.0589
850.000000	67.509	53.2317
862.000000	67.725	54.3000
875.000000	67.959	55.3735
885.000000	68.134	56.1225
900.000000	68.388	57.1003
912.000000	68.585	57.7921
925.000000	68.792	58.5269
938.000000	68.988	59.2179
950.000000	69.161	59.7827
962.000000	69.325	60.2953
975.000000	69.495	60.8250
988.000000	69.659	61.3635
1000.000000	69.810	61.8438
1015.000000	69.998	62.3427
1030.000000	70.182	62.7507
1044.000000	70.347	63.1369
1060.000000	70.531	63.6216
1075.000000	70.696	64.0308
1090.000000	70.852	64.3405
1106.000000	71.007	64.6653
1120.000000	71.133	65.0157
1138.000000	71.287	65.4906
1150.000000	71.390	65.7595
1172.000000	71.590	66.1389
1180.000000	71.662	66.2623
1206.000000	71.880	66.8025
1220.000000	71.999	67.1466
1241.000000	72.176	67.5299
1250.000000	72.249	67.6615
1265.000000	72.368	67.9213
1280.000000	72.485	68.2763
1315.000000	72.737	69.1029
1320.000000	72.775	69.1992
1340.000000	72.931	69.6012
1360.000000	73.085	70.0628
1380.000000	73.236	70.5225
1400.000000	73.378	70.9607
1430.000000	73.578	71.7128
1450.000000	73.718	72.2437
1475.000000	73.903	72.7589
1500.000000	74.090	73.2867
1525.000000	74.272	73.9506
1550.000000	74.469	74.5305
1575.000000	74.684	74.9586
1600.000000	74.906	75.4408
1625.000000	75.129	75.9566
1650.000000	75.357	76.3549
1675.000000	75.596	76.6954
1700.000000	75.838	77.0450
1725.000000	76.087	77.3245
1750.000000	76.349	77.4957
1775.000000	76.618	77.5828
1800.000000	76.886	77.5984
1825.000000	77.146	77.5437
1850.000000	77.399	77.4164
1875.000000	77.652	77.1987
1900.000000	77.910	76.8617
1925.000000	78.179	76.3760
1950.000000	78.453	75.7440
1975.000000	78.725	74.9933
2000.000000	78.992	74.1310
2030.000000	79.307	72.8965
2060.000000	79.616	71.4114
2090.000000	79.910	69.6995
2120.000000	80.180	67.7900
2140.000000	80.344	66.4026
2180.000000	80.626	63.3522
2200.000000	80.740	61.7243
2240.000000	80.911	58.3465
2270.000000	80.995	55.7087
2300.000000	81.046	53.0257
2330.000000	81.065	50.3629
2360.000000	81.050	47.7622
2400.000000	80.980	44.4737
2430.000000	80.895	42.1748
2470.000000	80.745	39.3630
2500.000000	80.607	37.4823
2540.000000	80.390	35.3109
2580.000000	80.147	33.5135
2620.000000	79.889	32.0577
2650.000000	79.694	31.1870
2690.000000	79.436	30.2960
2720.000000	79.250	29.8063
2760.000000	79.014	29.3683
2800.000000	78.791	29.1576
2850.000000	78.533	29.1857
2900.000000	78.294	29.4590
2950.000000	78.068	29.9866
3000.000000	77.854	30.7101
3040.000000	77.701	31.4052
3070.000000	77.600	31.9827
3110.000000	77.482	32.7946
3150.000000	77.379	33.6837
3200.000000	77.267	34.9185
3250.000000	77.190	36.1866
3300.000000	77.150	37.4879
3350.000000	77.138	38.8615
3400.000000	77.156	40.2438
3450.000000	77.202	41.6123
3500.000000	77.263	42.9943
3550.000000	77.338	44.3799
3600.000000	77.437	45.7307
3650.000000	77.570	47.0337
3700.000000	77.742	48.2644
3750.000000	77.954	49.4056
3820.000000	78.304	50.8032
3870.000000	78.579	51.6455
3950.000000	79.064	52.5990
4000.000000	79.402	52.8500
4060.000000	79.830	52.7650
4120.000000	80.271	52.2476
4180.000000	80.742	51.3301
4250.000000	81.353	49.6527
4310.000000	81.901	47.2073
4370.000000	82.419	43.4194
4440.000000	82.911	37.1962
4500.000000	83.183	30.4482
4550.000000	83.277	24.0755
4620.000000	83.184	14.6872
4680.000000	82.900	6.9562
4750.000000	82.359	-0.8567
4820.000000	81.644	-6.8289
4870.000000	81.069	-9.9465
4940.000000	80.239	-12.9491
5000.000000	79.529	-14.4515
5080.000000	78.593	-15.1954
5150.000000	77.815	-15.0123
5220.000000	77.105	-14.2802
5300.000000	76.357	-12.8787
5380.000000	75.655	-11.0007
5450.000000	75.084	-9.0748
5520.000000	74.565	-6.9651
5600.000000	74.032	-4.3617
5700.000000	73.448	-0.8672
5800.000000	72.960	2.7866
5900.000000	72.550	6.5741
6000.000000	72.208	10.4558
6080.000000	71.988	13.5864
6150.000000	71.825	16.3551
6220.000000	71.686	19.1498
6300.000000	71.559	22.3603
6400.000000	71.473	26.3734
6500.000000	71.489	30.3515
6600.000000	71.610	34.2904
6700.000000	71.821	38.1751
6800.000000	72.108	42.0167
6900.000000	72.473	45.7687
7000.000000	72.932	49.3582
7100.000000	73.494	52.7116
7200.000000	74.169	55.7320
7300.000000	74.970	58.2972
7400.000000	75.906	60.2262
7500.000000	76.988	61.2214
7620.000000	78.467	60.4946
7750.000000	80.169	55.9612
7880.000000	81.661	45.6805
8000.000000	82.464	30.7682
8120.000000	82.473	13.6822
8250.000000	81.684	-1.6902
8380.000000	80.443	-10.8935
8500.000000	79.228	-14.7949
8620.000000	78.138	-15.9480
8750.000000	77.200	-15.4822
8850.000000	76.665	-14.4815
9000.000000	76.157	-12.5879
9120.000000	75.994	-11.1273
9250.000000	76.048	-9.9598
9380.000000	76.328	-9.6175
9500.000000	76.782	-10.5472
9620.000000	77.396	-13.3948
9750.000000	78.127	-19.7299
9880.000000	78.676	-30.4226
10000.000000	78.730	-43.7386
10150.000000	77.904	-61.3419
10300.000000	76.160	-74.8794
10440.000000	74.074	-81.9850
10600.000000	71.616	-84.8005
10750.000000	69.503	-84.1672
10900.000000	67.653	-81.6279
11060.000000	65.945	-77.6287
11200.000000	64.647	-73.4167
11380.000000	63.202	-67.3220
11500.000000	62.367	-62.9596
11720.000000	61.086	-54.5178
11800.000000	60.689	-51.3265
12060.000000	59.587	-40.5729
12200.000000	59.126	-34.6132
12410.000000	58.638	-25.5351
12500.000000	58.495	-21.6163
12650.000000	58.336	-15.0859
12800.000000	58.268	-8.5757
13150.000000	58.516	6.3088
13200.000000	58.601	8.3691
13400.000000	59.077	16.3438
13600.000000	59.815	23.6562
13800.000000	60.868	29.9329
14000.000000	62.302	34.4560
14300.000000	65.105	34.5922
14500.000000	66.924	26.7870
14750.000000	68.044	7.0672
15000.000000	67.263	-13.8475
15250.000000	65.189	-25.1049
15500.000000	63.018	-27.3044
15750.000000	61.485	-25.0264
16000.000000	60.777	-21.3603
16250.000000	60.931	-18.5249
16500.000000	61.924	-19.4158
16750.000000	63.298	-28.8231
17000.000000	63.884	-49.9929
17250.000000	62.681	-75.2378
17500.000000	59.779	-91.7630
17750.000000	56.104	-97.4955
18000.000000	52.515	-96.6776
18250.000000	49.286	-90.8076
18500.000000	46.916	-75.3368
18750.000000	48.297	-51.4729
19000.000000	51.065	-47.7178
19250.000000	51.777	-67.8596
19500.000000	51.529	-88.7443
19750.000000	51.608	-108.2170
