* Measurement data measured by REW V5.20
* Source: Input device not selected, no input selected, R, volume: no control
* Format: 128k Log Swept Sine, 1 sweep at -10.0 dBFS with no timing reference
* Dated: Jan 19, 2021 12:13:59 PM
* REW Settings:
*  C-weighting compensation: Off
*  Target level: 75.0 dB
* Note: 
* Measurement: Mh755 L
* Smoothing: 1/6 octave
* Frequency Step: 1/48 octave
* Start Frequency: 20.300 Hz
*
* Freq(Hz)	SPL(dB)	Phase(degrees)
20.299999	77.377937	175.2151
20.600000	77.372147	175.1057
20.900000	77.352821	174.8059
21.200001	77.328239	174.4364
21.400000	77.309303	174.1605
21.799999	77.266525	173.5558
22.000000	77.243347	173.2352
22.400000	77.194748	172.5678
22.700001	77.157204	172.0482
23.000000	77.119438	171.5143
23.299999	77.081848	170.9680
23.600000	77.044601	170.4117
24.000000	76.995560	169.6599
24.299999	76.959259	169.0945
24.700001	76.911407	168.3474
25.000000	76.876007	167.7988
25.400000	76.829536	167.0907
25.799999	76.784088	166.4156
26.200001	76.739861	165.7772
26.500000	76.707542	165.3219
26.900000	76.665451	164.7430
27.200001	76.634262	164.3259
27.600000	76.592316	163.7874
28.000000	76.548615	163.2652
28.500000	76.489532	162.6366
29.000000	76.424866	162.0436
29.500000	76.356224	161.4922
30.000000	76.286858	160.9773
30.400000	76.232765	160.5811
30.700001	76.193558	160.2874
31.100000	76.143364	159.8941
31.500000	76.095619	159.4948
32.000000	76.039276	158.9834
32.500000	75.986069	158.4560
33.000000	75.934464	157.9146
33.500000	75.882446	157.3689
34.000000	75.828354	156.8368
34.500000	75.771759	156.3364
35.000000	75.713066	155.8767
35.500000	75.652458	155.4577
36.000000	75.589218	155.0748
36.500000	75.522324	154.7243
37.000000	75.450958	154.4026
37.500000	75.374893	154.1051
38.200001	75.260872	153.7198
38.700001	75.175575	153.4619
39.500000	75.040321	153.0538
40.000000	74.961578	152.7672
40.599998	74.874664	152.3458
41.200001	74.792221	151.8163
41.799999	74.707710	151.2041
42.500000	74.600479	150.4854
43.099998	74.503510	149.9850
43.700001	74.414223	149.6801
44.400002	74.342194	149.5767
45.000000	74.321640	149.6093
45.500000	74.332222	149.6267
46.200001	74.373215	149.5324
46.799999	74.412842	149.3001
47.500000	74.440346	148.8672
48.200001	74.428879	148.3336
48.700001	74.391693	147.9539
49.400002	74.302437	147.5072
50.000000	74.201683	147.2359
50.799999	74.051682	147.0083
51.500000	73.919067	146.8717
52.200001	73.792496	146.7359
53.000000	73.659164	146.5372
53.799999	73.538368	146.2740
54.500000	73.441513	146.0020
55.200001	73.351837	145.7155
56.000000	73.257797	145.3976
57.000000	73.152130	145.0369
58.000000	73.056442	144.7184
59.000000	72.965958	144.4281
60.000000	72.875992	144.1480
60.799999	72.802055	143.9250
61.500000	72.735291	143.7323
62.200001	72.666656	143.5467
63.000000	72.586494	143.3536
64.000000	72.485870	143.1607
65.000000	72.388893	143.0335
66.000000	72.298615	142.9594
67.000000	72.214523	142.9124
68.000000	72.133621	142.8697
69.000000	72.052719	142.8176
70.000000	71.969833	142.7494
71.000000	71.884331	142.6622
72.000000	71.796280	142.5552
73.000000	71.705780	142.4328
74.000000	71.613052	142.3051
75.000000	71.519005	142.1855
76.199997	71.406921	142.0681
77.500000	71.290916	141.9794
78.800003	71.184387	141.9205
80.000000	71.094818	141.8793
81.199997	71.011162	141.8464
82.500000	70.923248	141.8247
83.800003	70.834747	141.8208
85.000000	70.750961	141.8278
86.199997	70.665321	141.8337
87.500000	70.572678	141.8233
88.500000	70.503448	141.7928
90.000000	70.404816	141.7007
91.199997	70.329773	141.5951
92.500000	70.250526	141.4741
93.800003	70.172256	141.3715
95.000000	70.100204	141.3035
96.199997	70.027580	141.2634
97.500000	69.947838	141.2559
98.800003	69.867889	141.2936
100.000000	69.795723	141.3719
101.500000	69.709770	141.5180
103.000000	69.628571	141.6872
104.400002	69.555244	141.8329
106.000000	69.473030	141.9563
107.500000	69.399170	142.0229
109.000000	69.332062	142.0522
110.599998	69.270012	142.0609
112.000000	69.221031	142.0636
113.800003	69.155533	142.0801
115.000000	69.105286	142.1113
117.199997	68.998604	142.2256
118.000000	68.957367	142.2827
120.599998	68.825783	142.4999
122.000000	68.758507	142.6350
124.099998	68.659897	142.8737
125.000000	68.617363	142.9896
126.500000	68.544922	143.1945
128.000000	68.469772	143.4042
131.500000	68.284538	143.8810
132.000000	68.257538	143.9488
134.000000	68.150993	144.2251
136.000000	68.050140	144.5122
138.000000	67.957550	144.8066
140.000000	67.873680	145.0978
143.000000	67.764175	145.4794
145.000000	67.700623	145.6473
147.500000	67.623451	145.7376
150.000000	67.539070	145.7631
152.500000	67.446060	145.8062
155.000000	67.348862	145.8911
157.500000	67.251877	146.0102
160.000000	67.157669	146.1579
162.500000	67.067627	146.3351
165.000000	66.982468	146.5436
167.500000	66.901665	146.7824
170.000000	66.823730	147.0451
172.500000	66.747353	147.3197
175.000000	66.672363	147.5935
177.500000	66.599129	147.8585
180.000000	66.527901	148.1113
182.500000	66.458481	148.3518
185.000000	66.390442	148.5836
187.500000	66.323730	148.8135
190.000000	66.258728	149.0462
192.500000	66.195839	149.2824
195.000000	66.134811	149.5241
197.500000	66.074417	149.7807
200.000000	66.013222	150.0667
203.000000	65.938095	150.4564
206.000000	65.861946	150.8779
209.000000	65.786331	151.2972
212.000000	65.712311	151.6901
214.000000	65.663971	151.9345
218.000000	65.569305	152.3951
220.000000	65.522781	152.6206
224.000000	65.431084	153.0791
227.000000	65.363144	153.4360
230.000000	65.295479	153.8076
233.000000	65.228088	154.1968
236.000000	65.161758	154.6052
240.000000	65.076721	155.1779
243.000000	65.016396	155.6246
247.000000	64.941292	156.2422
250.000000	64.889656	156.7295
254.000000	64.829124	157.4280
258.000000	64.780960	158.1931
262.000000	64.747650	159.0165
265.000000	64.733597	159.6548
269.000000	64.730103	160.4955
272.000000	64.738220	161.0848
276.000000	64.760277	161.7646
280.000000	64.789940	162.2801
285.000000	64.827866	162.6715
290.000000	64.854416	162.8256
295.000000	64.857544	162.8347
300.000000	64.831367	162.7962
304.000000	64.791832	162.7822
307.000000	64.754723	162.7956
311.000000	64.699959	162.8506
315.000000	64.643326	162.9473
320.000000	64.573898	163.1264
325.000000	64.507874	163.3685
330.000000	64.445442	163.6634
335.000000	64.385857	163.9961
340.000000	64.328804	164.3585
345.000000	64.275101	164.7478
350.000000	64.225800	165.1609
355.000000	64.180962	165.5954
360.000000	64.139076	166.0488
365.000000	64.097977	166.5133
370.000000	64.056450	166.9784
375.000000	64.014580	167.4384
382.000000	63.956657	168.0757
387.000000	63.916290	168.5279
395.000000	63.853764	169.2370
400.000000	63.816807	169.6659
406.000000	63.776115	170.1661
412.000000	63.740013	170.6531
418.000000	63.707348	171.1306
425.000000	63.670780	171.6825
431.000000	63.638920	172.1563
437.000000	63.605984	172.6350
444.000000	63.566978	173.2044
450.000000	63.534657	173.7031
455.000000	63.509453	174.1230
462.000000	63.477020	174.7076
468.000000	63.451321	175.1983
475.000000	63.422958	175.7570
482.000000	63.395824	176.3055
487.000000	63.377125	176.6943
494.000000	63.352104	177.2368
500.000000	63.331932	177.7009
508.000000	63.306835	178.3168
515.000000	63.286179	178.8509
522.000000	63.266403	179.3797
530.000000	63.244766	179.9804
538.000000	63.224091	-179.4181
545.000000	63.207104	-178.8893
552.000000	63.192123	-178.3592
560.000000	63.178658	-177.7545
570.000000	63.167236	-177.0049
580.000000	63.158531	-176.2651
590.000000	63.148552	-175.5329
600.000000	63.136177	-174.8049
608.000000	63.125546	-174.2241
615.000000	63.116638	-173.7166
622.000000	63.108833	-173.2094
630.000000	63.102173	-172.6298
640.000000	63.098186	-171.9086
650.000000	63.098812	-171.1974
660.000000	63.102417	-170.4973
670.000000	63.107048	-169.7994
680.000000	63.111343	-169.0913
690.000000	63.115044	-168.3653
700.000000	63.118885	-167.6229
710.000000	63.124146	-166.8717
720.000000	63.132271	-166.1222
730.000000	63.144600	-165.3826
740.000000	63.161835	-164.6569
750.000000	63.183804	-163.9434
762.000000	63.215050	-163.0966
775.000000	63.252018	-162.1847
788.000000	63.289261	-161.2802
800.000000	63.323372	-160.4576
812.000000	63.358986	-159.6489
825.000000	63.401787	-158.7863
838.000000	63.450443	-157.9357
850.000000	63.500546	-157.1604
862.000000	63.555050	-156.3926
875.000000	63.618572	-155.5676
885.000000	63.670551	-154.9393
900.000000	63.753609	-154.0165
912.000000	63.824219	-153.3038
925.000000	63.904232	-152.5621
938.000000	63.987038	-151.8520
950.000000	64.065475	-151.2244
962.000000	64.145432	-150.6234
975.000000	64.232933	-150.0007
988.000000	64.320137	-149.4050
1000.000000	64.399429	-148.8781
1015.000000	64.496239	-148.2512
1030.000000	64.590752	-147.6584
1044.000000	64.678032	-147.1314
1060.000000	64.778435	-146.5570
1075.000000	64.874496	-146.0458
1090.000000	64.973007	-145.5623
1106.000000	65.080894	-145.0779
1120.000000	65.177399	-144.6815
1138.000000	65.303253	-144.2107
1150.000000	65.387360	-143.9211
1172.000000	65.539719	-143.4369
1180.000000	65.594101	-143.2738
1206.000000	65.765411	-142.7838
1220.000000	65.853477	-142.5445
1241.000000	65.979195	-142.2166
1250.000000	66.030663	-142.0860
1265.000000	66.113335	-141.8784
1280.000000	66.192383	-141.6808
1315.000000	66.365479	-141.2516
1320.000000	66.389175	-141.1936
1340.000000	66.481873	-140.9670
1360.000000	66.571571	-140.7456
1380.000000	66.658775	-140.5236
1400.000000	66.744133	-140.2941
1430.000000	66.869751	-139.9276
1450.000000	66.952156	-139.6719
1475.000000	67.054131	-139.3483
1500.000000	67.155548	-139.0252
1525.000000	67.256523	-138.7021
1550.000000	67.356689	-138.3773
1575.000000	67.456245	-138.0528
1600.000000	67.556183	-137.7312
1625.000000	67.657242	-137.4134
1650.000000	67.759277	-137.0997
1675.000000	67.862045	-136.7930
1700.000000	67.965874	-136.4968
1725.000000	68.071632	-136.2114
1750.000000	68.180191	-135.9329
1775.000000	68.291992	-135.6580
1800.000000	68.406883	-135.3869
1825.000000	68.524208	-135.1233
1850.000000	68.643234	-134.8720
1875.000000	68.763405	-134.6364
1900.000000	68.884544	-134.4177
1925.000000	69.006683	-134.2151
1950.000000	69.129936	-134.0264
1975.000000	69.254288	-133.8505
2000.000000	69.379761	-133.6870
2030.000000	69.531837	-133.5087
2060.000000	69.685509	-133.3540
2090.000000	69.840530	-133.2283
2120.000000	69.996262	-133.1359
2140.000000	70.100143	-133.0937
2180.000000	70.307686	-133.0533
2200.000000	70.411301	-133.0530
2240.000000	70.618042	-133.0854
2270.000000	70.772430	-133.1328
2300.000000	70.926262	-133.1939
2330.000000	71.080208	-133.2631
2360.000000	71.235687	-133.3353
2400.000000	71.449120	-133.4327
2430.000000	71.616959	-133.5102
2470.000000	71.855118	-133.6389
2500.000000	72.045647	-133.7801
2540.000000	72.313660	-134.0776
2580.000000	72.590858	-134.5547
2620.000000	72.866837	-135.2469
2650.000000	73.066795	-135.9083
2690.000000	73.317978	-136.9581
2720.000000	73.492508	-137.8484
2760.000000	73.705643	-139.1360
2800.000000	73.897102	-140.5020
2850.000000	74.108841	-142.2736
2900.000000	74.293831	-144.0840
2950.000000	74.455605	-145.9192
3000.000000	74.596191	-147.7781
3040.000000	74.693771	-149.2838
3070.000000	74.758087	-150.4225
3110.000000	74.831657	-151.9484
3150.000000	74.890923	-153.4738
3200.000000	74.944687	-155.3620
3250.000000	74.976776	-157.2081
3300.000000	74.989334	-158.9935
3350.000000	74.985329	-160.7061
3400.000000	74.967697	-162.3406
3450.000000	74.938957	-163.8961
3500.000000	74.901352	-165.3749
3550.000000	74.856850	-166.7813
3600.000000	74.807236	-168.1233
3650.000000	74.753738	-169.4123
3700.000000	74.696686	-170.6619
3750.000000	74.635284	-171.8846
3820.000000	74.538765	-173.5633
3870.000000	74.459732	-174.7348
3950.000000	74.312225	-176.5301
4000.000000	74.206375	-177.5806
4060.000000	74.066101	-178.7462
4120.000000	73.912514	-179.7876
4180.000000	73.747536	179.3156
4250.000000	73.545166	178.4759
4310.000000	73.368965	177.9451
4370.000000	73.196777	177.5859
4440.000000	73.009079	177.3578
4500.000000	72.864761	177.2875
4550.000000	72.757973	177.2868
4620.000000	72.629028	177.3312
4680.000000	72.535713	177.3806
4750.000000	72.443176	177.4262
4820.000000	72.363762	177.4454
4870.000000	72.312714	177.4403
4940.000000	72.246353	177.4080
5000.000000	72.192017	177.3588
5080.000000	72.119858	177.2679
5150.000000	72.054184	177.1723
5220.000000	71.984001	177.0727
5300.000000	71.896744	176.9718
5380.000000	71.801697	176.9076
5450.000000	71.713333	176.9005
5520.000000	71.622284	176.9532
5600.000000	71.518517	177.0970
5700.000000	71.395775	177.4030
5800.000000	71.287628	177.8289
5900.000000	71.198730	178.3376
6000.000000	71.130821	178.8876
6080.000000	71.091362	179.3319
6150.000000	71.067047	179.7112
6220.000000	71.051636	-179.9247
6300.000000	71.044266	-179.5317
6400.000000	71.049767	-179.0806
6500.000000	71.071365	-178.6824
6600.000000	71.109200	-178.3489
6700.000000	71.163803	-178.0949
6800.000000	71.235893	-177.9395
6900.000000	71.326035	-177.9066
7000.000000	71.434341	-178.0273
7100.000000	71.559807	-178.3417
7200.000000	71.699394	-178.8963
7300.000000	71.847618	-179.7386
7400.000000	71.996597	179.0901
7500.000000	72.136589	177.5598
7620.000000	72.277374	175.2341
7750.000000	72.375854	172.1392
7880.000000	72.397842	168.5383
8000.000000	72.336853	164.8930
8120.000000	72.190475	161.0833
8250.000000	71.932724	156.9409
8380.000000	71.573555	152.9588
8500.000000	71.156204	149.5696
8620.000000	70.662338	146.5765
8750.000000	70.049988	143.8948
8850.000000	69.532082	142.2848
9000.000000	68.695992	140.6569
9120.000000	67.992142	140.0327
9250.000000	67.212524	139.9984
9380.000000	66.432022	140.5695
9500.000000	65.724258	141.5677
9620.000000	65.038948	142.9539
9750.000000	64.329895	144.8302
9880.000000	63.660809	147.0429
10000.000000	63.081566	149.3465
10150.000000	62.411995	152.5315
10300.000000	61.805073	156.0050
10440.000000	61.296604	159.4617
10600.000000	60.785679	163.6195
10750.000000	60.376060	167.6847
10900.000000	60.034588	171.8865
11060.000000	59.746540	176.4888
11200.000000	59.560699	-179.4102
11380.000000	59.417473	-174.0745
11500.000000	59.386253	-170.4991
11720.000000	59.476715	-163.9683
11800.000000	59.560894	-161.6232
12060.000000	60.039059	-154.2660
12200.000000	60.429497	-150.5807
12410.000000	61.180565	-145.6387
12500.000000	61.555698	-143.8087
12650.000000	62.235466	-141.2598
12800.000000	62.959545	-139.4792
13150.000000	64.638527	-139.2415
13200.000000	64.858406	-139.7307
13400.000000	65.637955	-143.0870
13600.000000	66.204277	-148.5359
13800.000000	66.501114	-155.5307
14000.000000	66.498848	-163.1494
14300.000000	65.952194	-173.4673
14500.000000	65.286140	-178.4486
14750.000000	64.226036	178.0280
15000.000000	63.048717	177.3033
15250.000000	61.909363	178.7058
15500.000000	60.965569	-178.6135
15750.000000	60.353481	-175.5383
16000.000000	60.143238	-172.9807
16250.000000	60.300732	-171.9222
16500.000000	60.696030	-173.4366
16750.000000	61.153786	-178.6838
17000.000000	61.502525	171.0812
17250.000000	61.602291	154.3517
17500.000000	61.361443	128.7780
17750.000000	60.747921	89.9017
18000.000000	59.784050	29.4541
18250.000000	58.523312	-65.9855
18500.000000	57.026993	145.1001
18750.000000	55.352703	-77.9451
19000.000000	53.552803	-30.5723
19250.000000	51.679565	-70.3831
19500.000000	49.799469	-162.6372
19750.000000	48.025520	125.0632
20000.000000	46.571114	165.4922
