* Measurement data measured by REW V5.20.8
* Source: Microphone (High Definition Audio Device), MICROPHONE (Master Volume), L, volume: 1.000
* Format: 4M Log Swept Sine, 1 sweep at -15.0 dBFS with no timing reference
* Dated: Jun 17, 2022 8:30:33 AM
* REW Settings:
*  C-weighting compensation: Off
*  Target level: 75.0 dB
* Note: 
* Measurement: DQ6S L
* Smoothing: None
* Frequency Step: 1/48 octave
* Start Frequency: 20.000 Hz
*
* Freq(Hz)	SPL(dB)	Phase(degrees)
20.000000	102.389	11.4629
20.299999	102.392	10.8441
20.600000	102.394	10.2367
20.900000	102.396	9.6442
21.200001	102.396	9.0715
21.400000	102.393	8.7026
21.799999	102.384	7.9944
22.000000	102.380	7.6528
22.400000	102.374	6.9860
22.700001	102.370	6.4935
23.000000	102.365	6.0045
23.299999	102.358	5.5219
23.600000	102.348	5.0510
24.000000	102.335	4.4501
24.299999	102.326	4.0219
24.700001	102.314	3.4743
25.000000	102.305	3.0705
25.400000	102.294	2.5272
25.799999	102.281	1.9722
26.200001	102.264	1.4133
26.500000	102.249	1.0007
26.900000	102.228	0.4667
27.200001	102.208	0.0775
27.600000	102.185	-0.4344
28.000000	102.162	-0.9484
28.500000	102.135	-1.5947
29.000000	102.106	-2.2289
29.500000	102.078	-2.8387
30.000000	102.052	-3.4309
30.400000	102.035	-3.9005
30.700001	102.022	-4.2504
31.100000	102.003	-4.7083
31.500000	101.983	-5.1503
32.000000	101.957	-5.6781
32.500000	101.930	-6.1844
33.000000	101.902	-6.6744
33.500000	101.876	-7.1498
34.000000	101.852	-7.6154
34.500000	101.824	-8.0792
35.000000	101.795	-8.5416
35.500000	101.764	-8.9937
36.000000	101.735	-9.4333
36.500000	101.709	-9.8749
37.000000	101.685	-10.3369
37.500000	101.658	-10.8210
38.200001	101.613	-11.4977
38.700001	101.576	-11.9446
39.500000	101.520	-12.5678
40.000000	101.490	-12.9286
40.599998	101.457	-13.3766
41.200001	101.420	-13.8367
41.799999	101.378	-14.2593
42.500000	101.333	-14.6986
43.099998	101.298	-15.0955
43.700001	101.260	-15.5186
44.400002	101.209	-15.9745
45.000000	101.171	-16.3369
45.500000	101.142	-16.6657
46.200001	101.095	-17.1535
46.799999	101.049	-17.5264
47.500000	101.004	-17.9218
48.200001	100.963	-18.3591
48.700001	100.929	-18.6783
49.400002	100.876	-19.0641
50.000000	100.837	-19.3584
50.799999	100.789	-19.7820
51.500000	100.743	-20.1608
52.200001	100.697	-20.5175
53.000000	100.645	-20.9382
53.799999	100.587	-21.3545
54.500000	100.535	-21.6711
55.200001	100.490	-21.9810
56.000000	100.439	-22.3643
57.000000	100.370	-22.8163
58.000000	100.302	-23.2319
59.000000	100.237	-23.6226
60.000000	100.171	-24.0632
60.799999	100.107	-24.3918
61.500000	100.056	-24.5972
62.200001	100.018	-24.8405
63.000000	99.967	-25.2091
64.000000	99.891	-25.6027
65.000000	99.825	-25.9623
66.000000	99.763	-26.3217
67.000000	99.701	-26.7288
68.000000	99.623	-27.0551
69.000000	99.561	-27.2536
70.000000	99.502	-27.5366
71.000000	99.437	-27.7759
72.000000	99.374	-28.0374
73.000000	99.306	-28.2883
74.000000	99.243	-28.5665
75.000000	99.171	-28.8526
76.199997	99.094	-29.1057
77.500000	99.016	-29.4448
78.800003	98.929	-29.7415
80.000000	98.856	-29.9387
81.199997	98.786	-30.2094
82.500000	98.706	-30.4636
83.800003	98.622	-30.7689
85.000000	98.554	-30.9253
86.199997	98.483	-31.2539
87.500000	98.394	-31.3550
88.500000	98.341	-31.5457
90.000000	98.241	-31.6283
91.199997	98.188	-31.9518
92.500000	98.074	-32.0911
93.800003	98.027	-32.2087
95.000000	97.935	-32.5140
96.199997	97.861	-32.4221
97.500000	97.812	-32.6287
98.800003	97.726	-32.8253
100.000000	97.643	-32.9457
101.500000	97.578	-32.9492
103.000000	97.486	-33.2674
104.400002	97.422	-33.2430
106.000000	97.317	-33.1698
107.500000	97.288	-33.2563
109.000000	97.162	-33.1920
110.599998	97.099	-33.0422
112.000000	97.039	-32.8762
113.800003	96.983	-32.9254
115.000000	96.946	-32.9176
117.199997	96.869	-32.9382
118.000000	96.852	-33.0555
120.599998	96.781	-33.1908
122.000000	96.718	-33.4988
124.099998	96.615	-33.5440
125.000000	96.588	-33.5984
126.500000	96.517	-33.6802
128.000000	96.462	-33.7544
131.500000	96.308	-33.8292
132.000000	96.295	-33.8161
134.000000	96.213	-33.9297
136.000000	96.132	-33.9617
138.000000	96.038	-34.0088
140.000000	95.968	-33.9703
143.000000	95.843	-34.0289
145.000000	95.772	-33.9702
147.500000	95.682	-33.9347
150.000000	95.587	-33.8636
152.500000	95.497	-33.8653
155.000000	95.392	-33.8111
157.500000	95.294	-33.7771
160.000000	95.196	-33.7089
162.500000	95.097	-33.6458
165.000000	95.002	-33.5771
167.500000	94.904	-33.4946
170.000000	94.811	-33.4182
172.500000	94.734	-33.3176
175.000000	94.657	-33.2051
177.500000	94.578	-33.0729
180.000000	94.494	-32.9448
182.500000	94.428	-32.8887
185.000000	94.358	-32.7535
187.500000	94.285	-32.6193
190.000000	94.215	-32.4827
192.500000	94.150	-32.3411
195.000000	94.091	-32.1891
197.500000	94.030	-32.0507
200.000000	93.970	-31.9038
203.000000	93.899	-31.7079
206.000000	93.832	-31.5199
209.000000	93.763	-31.3174
212.000000	93.697	-31.1215
214.000000	93.654	-30.9857
218.000000	93.556	-30.6987
220.000000	93.507	-30.5460
224.000000	93.412	-30.2601
227.000000	93.340	-30.0339
230.000000	93.269	-29.8171
233.000000	93.204	-29.5917
236.000000	93.137	-29.3491
240.000000	93.042	-28.9568
243.000000	92.981	-28.7778
247.000000	92.896	-28.4650
250.000000	92.831	-28.2123
254.000000	92.745	-27.8521
258.000000	92.663	-27.4795
262.000000	92.580	-27.1125
265.000000	92.515	-26.8328
269.000000	92.437	-26.4337
272.000000	92.381	-26.0963
276.000000	92.300	-25.6067
280.000000	92.227	-25.1614
285.000000	92.143	-24.4343
290.000000	92.079	-23.6345
295.000000	92.035	-22.8007
300.000000	92.059	-22.1742
304.000000	92.061	-21.5463
307.000000	92.071	-21.3444
311.000000	92.076	-21.1984
315.000000	92.063	-21.1550
320.000000	92.028	-21.0940
325.000000	91.978	-20.9258
330.000000	91.918	-20.7189
335.000000	91.856	-20.4673
340.000000	91.797	-20.1705
345.000000	91.741	-19.8616
350.000000	91.679	-19.5070
355.000000	91.629	-19.1553
360.000000	91.577	-18.7906
365.000000	91.526	-18.4073
370.000000	91.476	-18.0387
375.000000	91.431	-17.6173
382.000000	91.367	-17.0812
387.000000	91.322	-16.6804
395.000000	91.251	-16.0736
400.000000	91.208	-15.6582
406.000000	91.161	-15.2019
412.000000	91.115	-14.7094
418.000000	91.070	-14.2289
425.000000	91.026	-13.6644
431.000000	90.973	-13.1487
437.000000	90.952	-12.8064
444.000000	90.917	-12.0586
450.000000	90.876	-11.7559
455.000000	90.836	-11.2341
462.000000	90.801	-10.6816
468.000000	90.762	-10.3644
475.000000	90.744	-9.7396
482.000000	90.687	-9.1948
487.000000	90.669	-8.8396
494.000000	90.644	-8.2723
500.000000	90.630	-7.8417
508.000000	90.601	-7.1917
515.000000	90.571	-6.6714
522.000000	90.545	-6.1022
530.000000	90.526	-5.5123
538.000000	90.512	-4.9004
545.000000	90.481	-4.3628
552.000000	90.470	-3.8473
560.000000	90.448	-3.2508
570.000000	90.421	-2.5024
580.000000	90.403	-1.7689
590.000000	90.384	-1.0114
600.000000	90.369	-0.2802
608.000000	90.356	0.3257
615.000000	90.349	0.8421
622.000000	90.341	1.3347
630.000000	90.336	1.9360
640.000000	90.331	2.6490
650.000000	90.328	3.3897
660.000000	90.325	4.1227
670.000000	90.328	4.8420
680.000000	90.332	5.5621
690.000000	90.333	6.2808
700.000000	90.341	6.9916
710.000000	90.347	7.7159
720.000000	90.359	8.4341
730.000000	90.375	9.1656
740.000000	90.393	9.8508
750.000000	90.411	10.5548
762.000000	90.436	11.3909
775.000000	90.473	12.2838
788.000000	90.511	13.1733
800.000000	90.551	13.9606
812.000000	90.597	14.7310
825.000000	90.646	15.5073
838.000000	90.687	16.2788
850.000000	90.713	17.0154
862.000000	90.738	17.9936
875.000000	90.817	19.0595
885.000000	90.887	19.7393
900.000000	90.989	20.6475
912.000000	91.076	21.3293
925.000000	91.166	22.0513
938.000000	91.260	22.7439
950.000000	91.350	23.3534
962.000000	91.442	23.9343
975.000000	91.543	24.5452
988.000000	91.648	25.0947
1000.000000	91.749	25.5804
1015.000000	91.873	26.1362
1030.000000	92.002	26.6754
1044.000000	92.121	27.1123
1060.000000	92.259	27.5427
1075.000000	92.386	27.9206
1090.000000	92.514	28.2224
1106.000000	92.652	28.5494
1120.000000	92.771	28.7502
1138.000000	92.919	29.0186
1150.000000	93.018	29.1366
1172.000000	93.193	29.3174
1180.000000	93.256	29.3777
1206.000000	93.454	29.4941
1220.000000	93.545	29.5351
1241.000000	93.664	29.5413
1250.000000	93.714	29.5460
1265.000000	93.797	29.5338
1280.000000	93.878	29.5055
1315.000000	94.056	29.3369
1320.000000	94.079	29.3193
1340.000000	94.173	29.2133
1360.000000	94.289	29.0674
1380.000000	94.407	28.9115
1400.000000	94.521	28.7495
1430.000000	94.690	28.4455
1450.000000	94.796	28.2242
1475.000000	94.927	27.9346
1500.000000	95.057	27.6179
1525.000000	95.181	27.2565
1550.000000	95.312	26.8593
1575.000000	95.441	26.4633
1600.000000	95.566	26.0138
1625.000000	95.685	25.5576
1650.000000	95.802	25.0425
1675.000000	95.913	24.5347
1700.000000	96.017	23.9643
1725.000000	96.115	23.3744
1750.000000	96.205	22.7640
1775.000000	96.290	22.1299
1800.000000	96.367	21.4819
1825.000000	96.435	20.8156
1850.000000	96.496	20.1262
1875.000000	96.552	19.4340
1900.000000	96.598	18.7154
1925.000000	96.634	18.0269
1950.000000	96.666	17.3102
1975.000000	96.688	16.6060
2000.000000	96.702	15.9187
2030.000000	96.708	15.1068
2060.000000	96.703	14.3215
2090.000000	96.685	13.5443
2120.000000	96.657	12.8541
2140.000000	96.633	12.4173
2180.000000	96.570	11.6504
2200.000000	96.533	11.3042
2240.000000	96.454	10.7599
2270.000000	96.390	10.4789
2300.000000	96.330	10.3392
2330.000000	96.284	10.3384
2360.000000	96.256	10.3796
2400.000000	96.259	10.4022
2430.000000	96.274	10.2637
2470.000000	96.293	9.8700
2500.000000	96.292	9.5037
2540.000000	96.266	9.0117
2580.000000	96.216	8.5896
2620.000000	96.153	8.2920
2650.000000	96.102	8.1268
2690.000000	96.029	7.9948
2720.000000	95.976	7.9695
2760.000000	95.907	8.0139
2800.000000	95.840	8.1501
2850.000000	95.764	8.3887
2900.000000	95.699	8.7510
2950.000000	95.639	9.1365
3000.000000	95.589	9.6017
3040.000000	95.559	10.0219
3070.000000	95.535	10.3700
3110.000000	95.510	10.8470
3150.000000	95.491	11.3284
3200.000000	95.473	11.9747
3250.000000	95.472	12.6023
3300.000000	95.477	13.2745
3350.000000	95.493	13.9467
3400.000000	95.523	14.6265
3450.000000	95.549	15.3291
3500.000000	95.579	15.9877
3550.000000	95.614	16.5885
3600.000000	95.662	17.1924
3650.000000	95.720	17.7592
3700.000000	95.777	18.2658
3750.000000	95.843	18.7522
3820.000000	95.935	19.3778
3870.000000	96.004	19.8444
3950.000000	96.154	20.6406
4000.000000	96.265	21.1063
4060.000000	96.429	21.5836
4120.000000	96.620	22.0234
4180.000000	96.818	22.2092
4250.000000	97.056	22.1250
4310.000000	97.265	21.7604
4370.000000	97.473	21.3433
4440.000000	97.727	20.5775
4500.000000	97.919	19.8106
4550.000000	98.082	18.9161
4620.000000	98.266	17.4978
4680.000000	98.412	16.1309
4750.000000	98.541	14.3628
4820.000000	98.632	12.4684
4870.000000	98.661	11.0220
4940.000000	98.646	8.9285
5000.000000	98.583	7.1127
5080.000000	98.435	4.7550
5150.000000	98.248	2.8342
5220.000000	98.010	1.1668
5300.000000	97.689	-0.3733
5380.000000	97.329	-1.4562
5450.000000	96.987	-2.0179
5520.000000	96.633	-2.2449
5600.000000	96.229	-2.1406
5700.000000	95.727	-1.4811
5800.000000	95.294	1.1488
5900.000000	95.080	2.3203
6000.000000	94.784	3.9817
6080.000000	94.576	5.5507
6150.000000	94.429	7.0728
6220.000000	94.303	8.7314
6300.000000	94.201	10.6998
6400.000000	94.121	13.3013
6500.000000	94.104	16.0101
6600.000000	94.149	18.7905
6700.000000	94.263	21.5828
6800.000000	94.445	24.3090
6900.000000	94.732	27.0850
7000.000000	95.132	29.7751
7100.000000	95.626	32.3026
7200.000000	96.224	34.5877
7300.000000	96.928	36.4534
7400.000000	97.756	37.7986
7500.000000	98.723	38.4667
7620.000000	100.091	37.8569
7750.000000	101.884	34.3118
7880.000000	103.731	25.6649
8000.000000	105.117	11.1470
8120.000000	105.376	-8.1682
8250.000000	104.125	-26.4250
8380.000000	102.197	-37.2401
8500.000000	100.454	-42.0032
8620.000000	98.928	-43.7109
8750.000000	97.535	-43.5672
8850.000000	96.632	-42.6691
9000.000000	95.520	-40.4788
9120.000000	94.816	-38.3666
9250.000000	94.211	-35.8911
9380.000000	93.751	-33.4934
9500.000000	93.431	-31.4944
9620.000000	93.197	-29.7361
9750.000000	93.056	-28.2334
9880.000000	93.008	-27.3409
10000.000000	93.024	-27.2615
10150.000000	93.048	-28.2911
10300.000000	93.013	-30.7039
10440.000000	92.833	-33.9741
10600.000000	92.376	-38.4784
10750.000000	91.671	-42.5501
10900.000000	90.751	-45.6386
11060.000000	89.618	-47.5394
11200.000000	88.568	-47.9410
11380.000000	87.223	-46.7532
11500.000000	86.362	-45.1388
11720.000000	84.914	-40.7401
11800.000000	84.440	-38.7488
12060.000000	83.054	-31.0800
12200.000000	82.437	-26.5305
12410.000000	81.621	-19.1390
12500.000000	81.333	-15.8596
12650.000000	80.903	-10.2621
12800.000000	80.582	-4.6240
13150.000000	80.274	8.8917
13200.000000	80.282	10.7029
13400.000000	80.397	18.1406
13600.000000	80.759	25.2536
13800.000000	81.343	31.5400
14000.000000	82.205	36.6182
14300.000000	83.931	41.6359
14500.000000	85.417	41.8819
14750.000000	87.594	35.5637
15000.000000	89.208	17.0154
15250.000000	88.212	-7.6007
15500.000000	85.193	-19.7742
15750.000000	82.951	-23.8420
16000.000000	80.263	-22.5891
16250.000000	77.800	-16.9945
16500.000000	75.533	-7.1259
16750.000000	73.068	2.0031
17000.000000	69.319	64.1270
17250.000000	77.293	85.0725
17500.000000	81.423	77.7307
17750.000000	83.676	67.4052
18000.000000	85.129	57.4212
18250.000000	86.174	45.9799
18500.000000	86.584	32.5422
18750.000000	86.130	19.9810
19000.000000	85.172	11.4302
19250.000000	84.256	6.4238
19500.000000	83.486	2.5007
19750.000000	82.887	-2.6833
