* Measurement data measured by REW V5.20.13
* Source: Microphone (USB Sound Device        ), MICROPHONE (Master Volume), L, volume: 0.000
* Format: 256k Log Swept Sine, 1 sweep at -12.0 dBFS with no timing reference
* Dated: May 20, 2023 1:56:03 PM
* REW Settings:
*  C-weighting compensation: Off
*  Target level: 75.0 dB
* Note: 
* Measurement: AK ZERO 2 R
* Smoothing: 1/12 octave
* Frequency Step: 1/48 octave
* Start Frequency: 20.000 Hz
*
* Freq(Hz)	SPL(dB)	Phase(degrees)
20.000000	84.514	-94.0467
20.299999	84.648	-94.8070
20.600000	84.780	-95.3754
20.900000	84.917	-95.7898
21.200001	85.064	-96.1284
21.400000	85.164	-96.3601
21.799999	85.359	-96.8820
22.000000	85.448	-97.1777
22.400000	85.600	-97.7959
22.700001	85.692	-98.2184
23.000000	85.775	-98.5612
23.299999	85.861	-98.8400
23.600000	85.956	-99.1101
24.000000	86.099	-99.5725
24.299999	86.211	-100.0720
24.700001	86.350	-100.9630
25.000000	86.438	-101.7517
25.400000	86.530	-102.8562
25.799999	86.604	-103.9072
26.200001	86.676	-104.8536
26.500000	86.735	-105.5053
26.900000	86.825	-106.3312
27.200001	86.901	-106.9404
27.600000	87.009	-107.7530
28.000000	87.119	-108.5630
28.500000	87.254	-109.5498
29.000000	87.382	-110.4721
29.500000	87.503	-111.2987
30.000000	87.620	-112.0233
30.400000	87.713	-112.5485
30.700001	87.783	-112.9247
31.100000	87.874	-113.4161
31.500000	87.963	-113.9012
32.000000	88.072	-114.5032
32.500000	88.183	-115.1239
33.000000	88.296	-115.8147
33.500000	88.402	-116.6116
34.000000	88.493	-117.4894
34.500000	88.564	-118.3604
35.000000	88.622	-119.1419
35.500000	88.683	-119.8146
36.000000	88.755	-120.4339
36.500000	88.835	-121.0692
37.000000	88.914	-121.7459
37.500000	88.985	-122.4346
38.200001	89.071	-123.3416
38.700001	89.129	-123.9325
39.500000	89.220	-124.8153
40.000000	89.276	-125.3447
40.599998	89.345	-125.9685
41.200001	89.413	-126.5955
41.799999	89.481	-127.2337
42.500000	89.555	-127.9780
43.099998	89.616	-128.5934
43.700001	89.675	-129.1740
44.400002	89.749	-129.8125
45.000000	89.817	-130.3595
45.500000	89.876	-130.8500
46.200001	89.951	-131.6085
46.799999	90.002	-132.2878
47.500000	90.046	-133.0322
48.200001	90.088	-133.7039
48.700001	90.121	-134.1674
49.400002	90.167	-134.8276
50.000000	90.204	-135.3913
50.799999	90.252	-136.0995
51.500000	90.297	-136.6826
52.200001	90.345	-137.2564
53.000000	90.397	-137.8980
53.799999	90.445	-138.5040
54.500000	90.486	-139.0072
55.200001	90.524	-139.4924
56.000000	90.565	-140.0264
57.000000	90.615	-140.6787
58.000000	90.666	-141.3510
59.000000	90.715	-142.0665
60.000000	90.759	-142.8132
60.799999	90.789	-143.4068
61.500000	90.814	-143.9138
62.200001	90.838	-144.4080
63.000000	90.863	-144.9525
64.000000	90.895	-145.5929
65.000000	90.927	-146.1925
66.000000	90.960	-146.7622
67.000000	90.994	-147.3105
68.000000	91.027	-147.8442
69.000000	91.058	-148.3678
70.000000	91.086	-148.8901
71.000000	91.111	-149.4169
72.000000	91.131	-149.9447
73.000000	91.147	-150.4629
74.000000	91.161	-150.9629
75.000000	91.177	-151.4493
76.199997	91.199	-152.0360
77.500000	91.224	-152.6853
78.800003	91.247	-153.3293
80.000000	91.266	-153.8941
81.199997	91.284	-154.4152
82.500000	91.304	-154.9338
83.800003	91.324	-155.4201
85.000000	91.341	-155.8510
86.199997	91.356	-156.2725
87.500000	91.370	-156.7322
88.500000	91.379	-157.0957
90.000000	91.392	-157.6595
91.199997	91.401	-158.1188
92.500000	91.411	-158.6104
93.800003	91.420	-159.0864
95.000000	91.429	-159.5107
96.199997	91.437	-159.9180
97.500000	91.444	-160.3363
98.800003	91.451	-160.7320
100.000000	91.456	-161.0822
101.500000	91.463	-161.5069
103.000000	91.470	-161.9206
104.400002	91.475	-162.2940
106.000000	91.480	-162.7010
107.500000	91.485	-163.0681
109.000000	91.489	-163.4358
110.599998	91.493	-163.8446
112.000000	91.495	-164.2202
113.800003	91.497	-164.7154
115.000000	91.498	-165.0407
117.199997	91.500	-165.6012
118.000000	91.502	-165.7916
120.599998	91.509	-166.3722
122.000000	91.513	-166.6652
124.099998	91.517	-167.0863
125.000000	91.519	-167.2637
126.500000	91.521	-167.5603
128.000000	91.521	-167.8595
131.500000	91.514	-168.5511
132.000000	91.512	-168.6482
134.000000	91.505	-169.0315
136.000000	91.498	-169.4058
138.000000	91.492	-169.7701
140.000000	91.488	-170.1233
143.000000	91.486	-170.6349
145.000000	91.482	-170.9630
147.500000	91.474	-171.3536
150.000000	91.463	-171.7228
152.500000	91.455	-172.0925
155.000000	91.452	-172.4844
157.500000	91.448	-172.8866
160.000000	91.441	-173.2675
162.500000	91.432	-173.6154
165.000000	91.421	-173.9350
167.500000	91.411	-174.2295
170.000000	91.402	-174.5058
172.500000	91.393	-174.7805
175.000000	91.382	-175.0711
177.500000	91.371	-175.3746
180.000000	91.359	-175.6743
182.500000	91.346	-175.9651
185.000000	91.332	-176.2556
187.500000	91.319	-176.5494
190.000000	91.308	-176.8400
192.500000	91.298	-177.1126
195.000000	91.289	-177.3556
197.500000	91.278	-177.5695
200.000000	91.264	-177.7651
203.000000	91.245	-178.0030
206.000000	91.225	-178.2681
209.000000	91.202	-178.5449
212.000000	91.179	-178.7980
214.000000	91.164	-178.9437
218.000000	91.138	-179.1873
220.000000	91.127	-179.2950
224.000000	91.109	-179.4992
227.000000	91.098	-179.6493
230.000000	91.090	-179.8015
233.000000	91.085	-179.9628
236.000000	91.082	179.8571
240.000000	91.080	179.5873
243.000000	91.079	179.3775
247.000000	91.073	179.1060
250.000000	91.064	178.9059
254.000000	91.047	178.6283
258.000000	91.027	178.3239
262.000000	91.004	177.9974
265.000000	90.986	177.7518
269.000000	90.963	177.4453
272.000000	90.945	177.2394
276.000000	90.924	176.9944
280.000000	90.905	176.7697
285.000000	90.882	176.4926
290.000000	90.856	176.2024
295.000000	90.827	175.9073
300.000000	90.797	175.6306
304.000000	90.773	175.4362
307.000000	90.755	175.3068
311.000000	90.730	175.1501
315.000000	90.703	175.0013
320.000000	90.667	174.8100
325.000000	90.630	174.6018
330.000000	90.597	174.3832
335.000000	90.566	174.1746
340.000000	90.536	173.9905
345.000000	90.506	173.8282
350.000000	90.477	173.6759
355.000000	90.448	173.5234
360.000000	90.419	173.3691
365.000000	90.388	173.2181
370.000000	90.356	173.0778
375.000000	90.321	172.9561
382.000000	90.268	172.8261
387.000000	90.229	172.7557
395.000000	90.169	172.6367
400.000000	90.133	172.5338
406.000000	90.092	172.3804
412.000000	90.052	172.2166
418.000000	90.015	172.0659
425.000000	89.972	171.9238
431.000000	89.933	171.8294
437.000000	89.891	171.7510
444.000000	89.839	171.6713
450.000000	89.793	171.6141
455.000000	89.755	171.5791
462.000000	89.703	171.5536
468.000000	89.659	171.5489
475.000000	89.608	171.5515
482.000000	89.559	171.5611
487.000000	89.526	171.5764
494.000000	89.481	171.6092
500.000000	89.445	171.6391
508.000000	89.396	171.6704
515.000000	89.352	171.6917
522.000000	89.306	171.7162
530.000000	89.252	171.7599
538.000000	89.198	171.8262
545.000000	89.152	171.8980
552.000000	89.105	171.9738
560.000000	89.053	172.0646
570.000000	88.986	172.2062
580.000000	88.918	172.4009
590.000000	88.848	172.6429
600.000000	88.779	172.9086
608.000000	88.726	173.1249
615.000000	88.681	173.3181
622.000000	88.639	173.5205
630.000000	88.594	173.7668
640.000000	88.543	174.0929
650.000000	88.494	174.4315
660.000000	88.448	174.7843
670.000000	88.403	175.1623
680.000000	88.361	175.5696
690.000000	88.320	175.9969
700.000000	88.281	176.4323
710.000000	88.247	176.8724
720.000000	88.216	177.3210
730.000000	88.191	177.7844
740.000000	88.172	178.2581
750.000000	88.160	178.7211
762.000000	88.152	179.2201
775.000000	88.144	179.6769
788.000000	88.128	-179.8673
800.000000	88.111	-179.3577
812.000000	88.105	-178.7649
825.000000	88.115	-178.1063
838.000000	88.134	-177.4904
850.000000	88.153	-176.9631
862.000000	88.170	-176.4599
875.000000	88.190	-175.9341
885.000000	88.207	-175.5476
900.000000	88.238	-175.0059
912.000000	88.270	-174.6031
925.000000	88.309	-174.1897
938.000000	88.352	-173.7942
950.000000	88.393	-173.4444
962.000000	88.435	-173.1119
975.000000	88.480	-172.7727
988.000000	88.524	-172.4544
1000.000000	88.564	-172.1779
1015.000000	88.613	-171.8537
1030.000000	88.660	-171.5546
1044.000000	88.705	-171.3024
1060.000000	88.759	-171.0534
1075.000000	88.813	-170.8581
1090.000000	88.869	-170.6914
1106.000000	88.931	-170.5382
1120.000000	88.987	-170.4254
1138.000000	89.057	-170.3130
1150.000000	89.103	-170.2575
1172.000000	89.180	-170.1834
1180.000000	89.204	-170.1617
1206.000000	89.269	-170.0961
1220.000000	89.296	-170.0607
1241.000000	89.331	-170.0131
1250.000000	89.345	-169.9961
1265.000000	89.371	-169.9717
1280.000000	89.399	-169.9521
1315.000000	89.478	-169.9340
1320.000000	89.490	-169.9331
1340.000000	89.537	-169.9234
1360.000000	89.578	-169.8947
1380.000000	89.610	-169.8460
1400.000000	89.634	-169.7789
1430.000000	89.660	-169.6431
1450.000000	89.679	-169.5374
1475.000000	89.710	-169.4057
1500.000000	89.753	-169.2757
1525.000000	89.804	-169.1376
1550.000000	89.857	-168.9831
1575.000000	89.908	-168.8128
1600.000000	89.956	-168.6349
1625.000000	90.002	-168.4505
1650.000000	90.048	-168.2563
1675.000000	90.098	-168.0612
1700.000000	90.157	-167.8816
1725.000000	90.224	-167.7208
1750.000000	90.298	-167.5702
1775.000000	90.377	-167.4289
1800.000000	90.457	-167.3017
1825.000000	90.538	-167.1891
1850.000000	90.624	-167.0964
1875.000000	90.714	-167.0356
1900.000000	90.810	-167.0131
1925.000000	90.909	-167.0265
1950.000000	91.011	-167.0748
1975.000000	91.114	-167.1616
2000.000000	91.218	-167.2923
2030.000000	91.347	-167.5169
2060.000000	91.482	-167.8235
2090.000000	91.622	-168.2178
2120.000000	91.767	-168.7085
2140.000000	91.864	-169.0918
2180.000000	92.056	-169.9943
2200.000000	92.148	-170.5165
2240.000000	92.322	-171.7152
2270.000000	92.441	-172.7516
2300.000000	92.548	-173.9061
2330.000000	92.643	-175.1830
2360.000000	92.725	-176.5869
2400.000000	92.808	-178.6492
2430.000000	92.843	179.6853
2470.000000	92.841	177.3570
2500.000000	92.798	175.5699
2540.000000	92.684	173.2136
2580.000000	92.505	171.0242
2620.000000	92.266	169.1926
2650.000000	92.057	168.1719
2690.000000	91.760	167.3906
2720.000000	91.542	167.2472
2760.000000	91.290	167.5313
2800.000000	91.108	168.1116
2850.000000	90.981	168.8209
2900.000000	90.929	169.1794
2950.000000	90.904	169.1080
3000.000000	90.870	168.7211
3040.000000	90.827	168.3019
3070.000000	90.782	167.9792
3110.000000	90.707	167.5905
3150.000000	90.615	167.2897
3200.000000	90.484	167.0683
3250.000000	90.345	167.0287
3300.000000	90.208	167.1696
3350.000000	90.078	167.4753
3400.000000	89.957	167.9298
3450.000000	89.846	168.5217
3500.000000	89.744	169.2327
3550.000000	89.655	170.0389
3600.000000	89.582	170.9189
3650.000000	89.530	171.8584
3700.000000	89.497	172.8502
3750.000000	89.484	173.8876
3820.000000	89.498	175.4032
3870.000000	89.530	176.5227
3950.000000	89.621	178.3508
4000.000000	89.705	179.4948
4060.000000	89.837	-179.1617
4120.000000	90.009	-177.8975
4180.000000	90.226	-176.7752
4250.000000	90.528	-175.7249
4310.000000	90.818	-175.1128
4370.000000	91.125	-174.8185
4440.000000	91.490	-174.9177
4500.000000	91.795	-175.3944
4550.000000	92.037	-176.0594
4620.000000	92.347	-177.3578
4680.000000	92.574	-178.7498
4750.000000	92.785	179.4013
4820.000000	92.935	177.4239
4870.000000	93.007	175.9926
4940.000000	93.067	174.0309
5000.000000	93.086	172.4349
5080.000000	93.076	170.4726
5150.000000	93.043	168.9180
5220.000000	92.995	167.4996
5300.000000	92.929	166.0063
5380.000000	92.854	164.5997
5450.000000	92.778	163.4052
5520.000000	92.688	162.2257
5600.000000	92.559	160.9005
5700.000000	92.348	159.3356
5800.000000	92.075	157.9805
5900.000000	91.742	156.9652
6000.000000	91.357	156.4115
6080.000000	91.020	156.3746
6150.000000	90.714	156.6812
6220.000000	90.406	157.3307
6300.000000	90.065	158.5103
6400.000000	89.679	160.6349
6500.000000	89.363	163.4122
6600.000000	89.148	166.6938
6700.000000	89.060	170.2662
6800.000000	89.114	173.8811
6900.000000	89.307	177.2826
7000.000000	89.620	-179.7754
7100.000000	90.016	-177.4913
7200.000000	90.456	-175.9589
7300.000000	90.910	-175.1444
7400.000000	91.372	-174.9579
7500.000000	91.850	-175.3838
7620.000000	92.445	-176.9485
7750.000000	93.043	179.4625
7880.000000	93.436	173.6775
8000.000000	93.499	167.0961
8120.000000	93.237	160.5549
8250.000000	92.630	154.8066
8380.000000	91.790	151.1896
8500.000000	90.916	149.8202
8620.000000	90.037	150.0938
8750.000000	89.160	151.8235
8850.000000	88.579	153.8522
9000.000000	87.882	157.4919
9120.000000	87.463	160.5794
9250.000000	87.116	163.9084
9380.000000	86.847	167.2188
9500.000000	86.652	170.3665
9620.000000	86.516	173.6850
9750.000000	86.456	177.4407
9880.000000	86.504	-178.7626
10000.000000	86.655	-175.3676
10150.000000	86.987	-171.5009
10300.000000	87.462	-168.3028
10440.000000	88.009	-166.1474
10600.000000	88.708	-164.9445
10750.000000	89.366	-165.2778
10900.000000	89.949	-167.1325
11060.000000	90.404	-170.6293
11200.000000	90.604	-174.5744
11380.000000	90.552	-179.9409
11500.000000	90.334	176.8712
11720.000000	89.655	172.8214
11800.000000	89.353	172.0211
12060.000000	88.336	171.6788
12200.000000	87.835	172.6043
12410.000000	87.203	174.8448
12500.000000	86.980	175.9747
12650.000000	86.663	177.9304
12800.000000	86.408	179.8572
13150.000000	85.977	-176.2965
13200.000000	85.926	-175.8615
13400.000000	85.722	-174.4466
13600.000000	85.481	-173.4186
13800.000000	85.183	-172.4645
14000.000000	84.847	-171.3227
14300.000000	84.346	-169.1987
14500.000000	84.042	-167.7115
14750.000000	83.686	-166.0038
15000.000000	83.328	-164.4588
15250.000000	82.945	-162.8210
15500.000000	82.550	-160.6863
15750.000000	82.218	-157.7494
16000.000000	82.079	-154.1713
16250.000000	82.242	-150.6766
16500.000000	82.721	-148.3011
16750.000000	83.418	-148.1294
17000.000000	84.149	-151.1037
17250.000000	84.696	-157.7201
17500.000000	84.861	-167.5909
17750.000000	84.506	-179.2552
18000.000000	83.586	169.3644
18250.000000	82.134	160.1041
18500.000000	80.237	154.0031
18750.000000	77.995	151.3412
19000.000000	75.500	151.9537
19250.000000	72.835	155.3826
19500.000000	70.099	160.7203
19750.000000	67.507	166.3618
